1000 31
330932683
399505787
788220900
413123024
704986699
793261071
8770518
993857245
703328871
849788250
518704527
34324584
839317609
952603080
446023720
841149210
137315480
767218653
495981602
203981630
360466061
522062953
740298797
348514699
557557119
681544408
59292811
615909706
461165902
563734312
752303953
779982849
600071549
434599350
490628173
315539701
545855069
870374164
66624673
749982777
721764157
885204955
640674730
190371049
228133941
768458451
730058940
60804168
527260218
109237008
434042812
259943548
95614209
680475160
253446615
595423447
546273052
864001626
795591275
493104721
407469908
529878240
881511965
200025791
184606625
786972149
730196376
750838897
807003921
760464778
137942712
960881137
561427232
763400510
867287244
296003614
992121804
305435248
372897767
257832346
401341002
957022077
516075439
88851038
330932763
463669702
516979530
963634834
470079400
953453344
378520379
812452433
713505247
365644586
127989267
432245847
410316556
390564274
27636340
566415980
8542529
247954836
921926087
572615862
550301925
113398725
940950026
210923845
963873119
382065892
819569786
555952551
817382325
394713969
242856989
301190731
949231473
767291230
502587908
948748678
351319665
764137120
345707069
784221366
739517371
511429999
917146995
652951112
578023252
848464390
10737879
625538685
929275126
798940370
487429896
109722465
118786839
405189466
831044733
807586215
135467141
2858983
827531741
434952934
59727839
905667912
658820657
794952404
183909766
926026630
993435446
497716312
427025364
875309172
739191490
309393022
80969194
930767044
452016128
207069149
419418886
998772511
431340477
629499095
698068501
494373577
486495246
300383495
353636274
895015563
339176639
899450634
829145368
144418337
53967882
164588065
938552328
223550525
434363780
822078262
299187025
871576629
664060601
887354843
990877684
207905968
571049430
364811770
927613916
759550745
832018733
511980089
383417701
17936990
917926395
403972133
425727954
121501155
824497806
17344433
780963957
905288992
439828298
686006409
962001145
678406360
468929536
141855857
560926631
291117553
807586143
541685133
75067341
258403898
744105541
162527323
90344325
738712459
173012293
669734076
640193983
925513004
527625972
478199799
60375158
471143680
47330411
97066264
93539351
375496051
780907040
677556355
129388511
944729932
923919361
194354047
816387560
231594056
842798403
341474280
105434013
962712007
414025514
551610636
134883017
364936564
989889742
213957358
937800854
671458939
671723080
992603565
505725771
99534682
966062389
589682896
689628163
101967348
677572857
545625466
850715695
113745813
752977798
538014450
916313582
63529397
978441646
373478269
455526558
390026109
763538631
607355490
200482120
525535772
654089368
688893850
559453607
2983560
111700844
214735402
683161242
37901441
404767823
129758299
196796436
225054980
930202069
372625211
8887182
191134253
658677027
199165532
585116088
343030238
31726047
81274902
194093065
786366223
757337853
175452288
646928092
418213536
298596070
152787270
625469103
61069764
199015837
186438502
193929087
164332888
681243245
797478095
381125873
716716652
711591062
374208285
189674455
480515882
462767764
696249954
781272521
813265839
521531246
31903178
966607738
464382642
856575699
392195816
741385495
222676586
752081134
102741908
423868769
516149481
380013689
764223635
565921173
230522374
266282851
19527727
896155214
612152647
460529762
322724188
628482675
35282318
847757474
454668540
136830161
286895651
674746122
745051672
563935828
297339779
278297873
232794047
539858773
461223398
621732226
730030068
773303530
785539990
768296686
198135776
632905037
683550755
880416959
154009897
428690776
519832899
954779625
141378034
999418245
591881217
585257734
775006286
191712209
134890449
118818109
454432497
67655229
940457639
910161917
58860964
627160237
465262761
760081898
57008483
897769698
987193348
157583644
323345892
943879190
623243133
385315472
809418994
798923996
306785437
728804008
856102796
806286511
64116751
271480343
149667454
776760590
681007872
765708311
509704775
910367576
268108514
714364251
856953819
982675883
484215170
892619194
41300935
586761281
516036189
894512669
468821173
204457948
563973929
119125234
900039428
311374234
358487697
88936182
392617009
487184255
692464999
10860312
516565687
44775618
43762683
564382575
819768623
877636986
703473810
530251463
842821182
779123321
325932974
679666411
697339773
417662735
997485436
987214511
428506242
389627449
725043423
434785064
282580772
10040709
458527030
815126525
147949521
446627533
662910753
850092038
217077033
587927309
568598533
704711437
648652508
908422822
321506841
939479559
60155572
645431660
240375559
126163789
209272431
459810865
878824307
653516348
203009514
108335908
952646217
639087412
347075718
303713210
995415643
516670258
325913709
428567565
153827250
286687671
215153797
550206952
178992228
943031570
773762539
903605165
664825507
96503486
402287996
153721410
693279287
405313056
957664926
526489110
235986525
560219659
945232582
475492206
902074874
858050632
176396616
318439807
49685967
698359191
666157226
319723928
546547129
999236427
591700523
386335398
885314760
845893364
470913608
63704240
88671224
408562712
135765824
500080549
5165293
774459488
297693293
639641060
739258303
645449673
16874540
790950448
351962562
841036713
954293863
152444220
580331771
244186961
830694802
410566430
896458040
739494850
958397171
372214537
969284227
132321229
114759180
420735963
854094482
880077504
670104412
496355645
671131864
88521925
424843864
681883578
332059582
234358132
343981253
386023467
845775084
493510202
757708149
532272953
881609805
571542964
274889392
212296104
895108330
503175797
595526872
608159460
452097805
146825974
751801662
795732398
985158511
524104311
872739347
949720044
871117751
288702504
181993108
681283961
796889190
513277592
955104163
407434783
144399812
560527901
803508344
707217950
172154404
599270641
133955990
646289108
786062652
821804190
915086488
27620575
336520549
341157396
497146402
902836588
875828406
708786108
30650333
306669160
189475117
687511490
135607122
307252887
898418751
701597381
305647701
12754073
243538250
729511005
964292024
161087426
624424317
716063836
632479130
294389175
948061072
944067362
841597722
666090502
125519480
930403895
769320975
847550837
596414548
479181582
676485759
817725565
230051984
86482463
600910421
955475540
822889624
683781416
542965909
355586113
409678782
216243313
883275238
938000232
628508010
536014476
764564349
460268223
641148394
167585892
462188336
317657296
616850157
499366884
989222190
815693570
800435862
398222428
627945570
242820677
873518891
960268455
127342302
585062075
610253482
304383055
429164317
950156045
608823238
324515387
857254161
749133095
674099480
360888234
478175834
344545788
587799217
910101892
810795809
41933153
530609643
340664900
327897377
743775313
141325827
905131190
300011661
531521376
186616368
424930312
993276808
72007642
636064302
285872266
98035131
750243746
252325838
787580394
521115786
902241613
46758115
866540160
571911385
457745317
297757977
471531302
174851413
163845198
118167773
709644542
126210555
213390287
353504518
914180217
59103653
239814555
246556354
295207140
372751661
517344944
231054774
669362322
482950499
677016370
330584977
232349646
68389940
518097449
319077948
370602297
810425867
372698116
576674905
907137157
421278237
510343321
931572785
915690546
400712637
695293075
352259061
989998837
763988656
236491968
823133563
881894811
964177787
456216588
882274314
537866416
93740095
711009963
273180912
345181135
342636291
247053598
506731967
305584538
862745372
440326165
614489491
882778664
634625468
632244055
707161194
249760804
941968693
8287874
406698176
267379552
110093099
696891371
266593711
486617153
619037163
982245556
761958611
19166572
760407237
641380818
940488941
603500960
753361184
565958500
175366262
895511410
300688622
868201633
317736856
713274952
988225457
453419573
358531938
353969215
198354730
542989293
299223234
472100113
133019702
902857024
982959046
919336360
776080261
880782151
419097312
156337082
546527879
47286807
620272260
193899499
931002977
31082796
361571009
872931375
162463563
438582910
226608941
56693398
598310132
475610689
340713348
775331541
404705100
121784637
710222013
351619277
584489541
796904622
665847165
598807031
793922394
994878293
579331641
465471587
218662050
581063107
407134106
673723844
325701213
990567647
451871672
338729302
686241472
9081913
901765170
913505143
68296809
984065837
354327139
920601190
376193852
483718275
914814473
708089869
13837428
130916894
650157231
43985822
342762100
661101219
546882256
972950181
747580206
776062427
854402662
347543001
268562409
362794260
837101215
553068027
712862982
76477488
639505004
925078633
167618143
850817107
613143021
141547546
309719257
633612553
825999306
733202623
461726941
215157089
146366427
134435828
725536922
94487814
39864830
466231187
951629075
975530696
892465489
179459271
154987408
207934613
856368125
480669781
242296803
689259711
872948138
276712165
852240850
683812052
25061388
872028829
694574136
729752632
290817986
430828737
756325564
670439306
758616288
448930559
271596749
961477086
927977332
197293829
475302931
492271008
112115288
529614888
1437563
246962018
50109062
564689137
90214132
503656380
548513692
973054808
975041763
908663152
27611562
427057794
743054210
223750847
606441660
227922242
235930554
932939045
689199505
262771731
155576222
632837092
49103027
982379374
359245409
695294951
119407490
35610770
551255182
695485721
998336245
872596161
704593845
929296284
370867381
3599093
171644059
452063842
789498029
528988253
381409972
33505594
885574535
901454711
554659387
618766967
709162580
746300394
956808303
331374344
75662052
407250910
655283404
478362057
703584241
972777944
611420509
670523780
137476576
588809993
858814478
505352741
382022193
7756709
928913902
233170672
671386662
916305646
674425720
503839435
331326476
135890262
683503759
