5000 5000
2964 4070 295
1288 1171 1865
3197 1414 879
3423 4968 1078
2691 919 1815
4789 2961 1129
411 4624 1724
1056 879 1963
4926 437 215
2307 2975 966
3707 1621 502
4194 325 45
3486 332 635
887 479 143
4526 4691 1366
2683 291 777
4536 3189 1770
706 3354 1849
122 1427 215
556 1821 902
4323 3885 1577
3431 1383 1651
4203 2609 1093
3736 1788 1560
342 1347 614
4297 2806 555
1764 1019 183
4682 911 495
4334 3719 1824
1234 4834 1128
4418 678 1751
328 2944 899
903 4642 1926
3149 3468 1204
4497 430 1047
3431 669 918
4760 2329 934
2057 4481 1304
911 4501 1241
4293 2651 1164
1649 4090 1964
3656 4722 1310
337 4401 306
1715 3262 1207
1172 2254 270
3033 4017 935
1355 3331 523
2491 2810 1742
3248 1362 300
1929 1725 1164
4441 317 399
4363 4253 22
2631 4283 1350
4473 699 1750
2546 3951 940
768 3600 515
3141 2924 1102
4263 3823 349
426 4976 1994
4343 3355 620
4318 603 1312
1049 820 1400
3571 880 1798
2585 2389 957
2246 1440 138
2517 2460 1324
4135 2839 955
2848 619 332
3403 4135 1392
92 1539 1852
310 1475 1183
3942 1848 1285
4542 3563 1506
1616 159 1869
4149 2831 1488
4670 1993 1759
1707 175 95
1268 836 156
2712 3793 107
2784 3089 1404
1668 3278 1726
4794 4161 316
4810 4159 1283
3283 352 669
4138 2958 291
3499 128 1931
2506 1779 1097
2955 4006 1140
1582 3067 543
3038 2532 1415
3912 3346 624
1839 44 1186
2123 1536 1982
4246 3982 1551
691 803 745
160 3203 789
4575 3752 566
2504 742 303
4676 2225 346
1659 1000 898
2164 3307 1024
434 3277 1181
1966 4302 1918
3390 3968 50
1463 1034 1703
4903 536 624
3288 591 726
841 4406 240
658 102 1214
537 3840 1538
1492 198 1865
932 2666 1274
1575 2145 364
297 3916 331
1757 2841 1217
3693 55 1324
32 4174 43
2733 4140 684
1264 3641 950
707 1161 665
3401 1748 1387
4227 4707 1493
4432 4792 1256
3969 2010 1225
3364 3761 410
4419 1702 1795
4774 3368 361
2858 1669 966
1824 2810 742
2996 574 1079
4330 2216 771
362 476 821
1537 4118 1337
4897 2208 712
171 1474 813
458 2838 1796
3699 1766 1497
3523 4390 1831
4004 2102 1193
4957 2596 1718
1261 1619 1430
2376 2871 1025
1637 2515 1818
1217 689 524
1153 2459 1688
4063 2460 279
1580 4263 1641
2497 2514 1907
2691 69 930
1443 2019 412
3628 3278 653
3906 803 783
899 4242 753
3896 3417 1146
1423 1726 115
95 3173 24
4173 2446 1584
3495 1654 732
1069 3277 262
935 2159 1014
4338 586 345
2211 444 1375
2615 4602 1047
2779 157 235
2364 4743 1813
2347 2083 1533
3679 4712 45
4820 2976 887
4599 1757 852
4700 4017 1411
4125 3945 1028
3587 1210 281
839 1745 671
2440 823 1360
3724 3496 1517
2977 4056 1823
3066 3014 1534
3239 2381 1170
3647 3518 882
6 2541 1482
1983 1806 1405
4769 4238 1258
2604 4362 1391
350 2207 1881
3528 4689 34
2881 4152 453
520 55 526
2358 139 1576
2873 3914 1649
2810 4820 81
4146 3791 1816
1416 4128 668
406 2446 1623
2041 2932 947
947 967 1144
2468 3742 505
4956 2320 1159
1938 2680 1414
458 806 238
1390 3791 1591
481 1178 1394
4233 108 180
1897 1138 1461
4535 1714 60
1225 1442 519
1475 976 112
2169 2471 336
4673 1517 1577
4486 4316 1434
1689 4847 635
1525 3913 1962
2308 2270 981
3776 1711 201
4931 1259 1475
2222 3622 1565
761 3927 1851
894 3172 224
2656 1469 32
1807 2461 139
4046 2470 1925
388 4214 290
3327 3141 386
1910 2966 170
1829 280 636
3572 3366 116
1274 3210 1137
696 4007 702
1273 2497 263
4940 2902 1995
4806 2956 1081
2218 1355 746
1376 2959 1941
4951 1581 710
1742 2821 1649
3583 3254 1228
2400 2425 1186
4311 4266 878
1336 4488 1937
401 3318 91
1057 2064 22
894 4379 1449
3728 3414 1541
615 3552 1052
1013 4174 1769
1066 4751 1568
1931 2455 1265
3930 2538 182
4321 3986 1039
119 745 1956
1428 1836 1304
926 1364 290
151 3349 1266
3448 1436 971
4402 546 1748
3781 4348 990
823 433 282
2261 4772 1057
4225 692 1004
4108 4546 1588
1490 3121 1137
1524 1936 294
2207 938 50
407 163 1748
3442 3550 165
361 2607 1282
144 731 922
3975 794 766
4689 3578 462
2960 1943 1178
1479 2126 458
828 953 1341
1960 753 1001
658 4241 1464
533 2494 1460
241 2513 1709
1713 3626 962
1687 1088 1553
159 2312 709
3124 4173 1565
3148 1483 1698
1725 2095 1309
1092 2550 1289
4137 1846 1968
3964 218 105
2260 3780 1576
164 1829 522
1994 3563 1320
4211 3645 483
3716 4536 720
1188 1944 1788
261 3072 911
1073 3422 1801
2266 2308 55
3507 3338 1064
581 308 72
2822 2221 556
1424 3714 251
1897 1210 1375
1024 476 804
3298 3841 1108
2298 37 1019
529 2290 1124
1979 2540 531
3110 2466 1389
4549 4278 382
1540 4423 1541
4735 1408 1778
3190 1238 50
4547 1030 938
4517 3108 1987
4422 672 943
794 1068 1115
2456 3846 157
1262 2970 1881
2191 306 1216
4303 4092 255
2654 3410 1989
2554 2044 487
4161 1403 101
511 4696 1108
4807 1970 861
3922 4194 1392
1865 3167 1404
2742 4666 1860
1386 2370 1164
4530 1549 79
4660 2330 298
3795 3180 1417
3953 1253 1113
2835 2632 1452
3436 3001 582
726 1519 587
4092 2516 507
2132 4325 1095
1160 3134 546
4119 3963 133
347 522 695
4313 4787 676
1731 2825 395
770 134 1857
2784 1753 1311
2523 3691 1615
86 1033 732
3907 658 1265
1122 637 1633
2607 3454 1268
1981 3364 1323
2171 2323 683
435 2781 1498
4960 2913 505
2317 1580 277
506 4730 940
319 4242 533
3909 4008 1490
3668 1632 1643
3136 1345 588
1668 1182 800
612 3850 1014
3600 1362 1974
3952 2054 687
80 1964 1861
3124 1676 1584
1653 1049 1678
1970 1489 1468
3340 4573 1320
4462 1411 967
1822 254 1834
2568 2552 1145
218 1141 1479
678 878 226
4630 2378 1909
339 3028 232
1040 4111 210
4029 4770 1715
1608 3921 1667
2151 1469 653
2821 2240 188
4668 3809 1884
269 2883 747
748 303 502
353 4542 383
3787 4937 396
3592 1254 336
4785 4589 858
4215 2504 592
4355 1158 682
2835 2195 429
3886 1891 1169
2976 4907 1385
3749 2911 999
4341 1352 460
1005 1165 946
419 4202 251
4378 1202 1727
1079 1415 15
2216 377 1645
815 4416 999
3256 4366 818
3500 4700 1575
3255 1551 1013
1056 3369 1163
208 3140 1872
3869 4755 1637
1693 1149 1776
4387 812 1462
373 271 250
4490 2967 287
3054 1132 1225
3243 172 1107
3483 2175 1592
4432 4471 418
1914 3876 899
3845 2541 1957
4809 265 578
1782 4863 743
2160 2847 805
2757 3006 1314
4426 4448 1313
4246 417 904
4334 1720 460
1300 970 1784
3457 811 1778
4589 591 1628
1062 4026 92
4394 3219 171
3283 275 703
1952 3713 1643
1469 4100 342
2556 1250 1388
3168 3498 1575
382 2972 353
4603 4306 1224
2588 4344 924
3624 1143 274
3536 1866 1835
1524 114 1945
2617 1659 1041
2639 405 1536
3910 3845 118
3796 3763 1920
3543 1117 292
2028 3757 833
85 3850 799
511 2655 1545
3501 2111 1833
3153 3503 1052
4456 4681 682
3038 1088 1711
3280 998 1049
3298 418 1639
2880 1132 937
2868 4972 86
1684 3227 130
1680 1223 843
3994 191 1418
1025 3899 715
3248 4234 1064
286 2807 105
3955 4548 1700
3332 3991 414
4599 4059 1935
1135 1103 1971
3887 762 298
3362 2839 1136
4944 1438 604
2896 1903 651
539 1094 1728
242 4065 1799
1094 3986 757
2135 3946 133
3544 1282 763
2471 1291 82
2679 674 1391
807 4405 1560
4240 3497 776
4918 4942 1067
1354 213 383
415 899 1998
4162 2214 561
374 592 1146
1955 4292 1818
2657 4966 1456
2493 4706 1632
2480 1651 1093
4664 2925 287
4574 2329 1786
2472 3620 1174
4242 4457 232
1510 2223 461
2311 1661 100
3500 2389 251
2515 3500 1013
4627 3049 1160
3323 671 1571
2773 2752 892
4682 1543 1628
2835 4489 50
2763 1552 505
3084 148 1310
3459 1512 918
4952 4702 1309
853 4844 138
4670 2759 1387
2987 3443 197
2170 3055 126
3007 3418 536
3772 2108 829
33 3502 897
2140 1405 650
3590 4001 1874
3029 1378 914
636 1705 1208
3854 1486 1329
3404 958 1492
1295 4351 172
2362 3589 918
648 429 1907
2393 1078 1712
4563 1381 1304
177 3644 1888
3758 2557 417
933 2899 1143
1506 3356 588
3601 3794 299
1692 4706 1787
1167 3560 1892
2141 4968 436
1542 863 521
4411 4931 799
1180 1894 1130
492 928 1978
1453 2073 1940
4733 3291 1225
3801 1707 1078
4650 1978 1058
3035 1339 1246
1314 2975 1758
461 4130 1608
1690 4800 66
341 435 4
2967 3431 701
3642 4159 600
953 1049 936
1663 2239 317
3794 402 1242
3371 2044 1663
1640 3189 200
4760 4611 348
2242 1563 318
1285 2163 1382
3043 482 428
3378 1590 1583
3142 226 809
4070 168 1654
1073 4840 1113
3408 2836 1969
3727 3974 1649
1409 2338 1291
4433 4493 143
946 4519 1912
3388 740 865
1779 2369 1312
150 3816 1840
4028 88 569
2289 3819 347
4843 4153 549
1046 818 194
1323 2692 151
77 4272 963
3649 2944 1045
2564 453 1117
2650 277 340
764 4027 1857
4838 1777 816
63 329 993
3890 2116 1043
674 1410 710
509 4734 104
272 1178 1704
4609 2849 1095
3700 2881 1560
1496 556 708
2100 3326 1539
3667 1014 1292
396 1523 1306
4604 2676 1517
4289 4332 1047
305 334 372
756 1990 1023
1410 3400 452
3240 450 32
2461 415 321
4768 3234 1460
4722 4685 1089
1984 1640 16
570 2669 399
3456 2390 187
4437 3401 1188
2270 1898 1171
464 2536 60
53 2521 673
1462 4314 873
1931 2571 318
3582 4350 673
2159 4546 406
2412 1466 747
637 1338 319
293 1060 1099
3338 3624 386
2466 1281 1422
4213 722 788
4358 3106 321
532 4343 1768
1168 4514 14
3074 1601 1172
1645 944 802
4440 3574 666
2353 4199 1089
4790 2060 373
404 435 294
2170 5000 1433
2510 908 752
1929 4173 1027
1019 2615 113
683 1693 949
3467 100 114
3616 2144 1778
1692 1823 1459
3942 170 398
1295 2835 238
4749 1822 1383
4108 1994 847
2500 4138 726
485 4731 1505
114 279 515
2806 4355 47
1475 2139 1970
4813 3485 182
3432 4637 627
1373 3213 1072
4891 2218 891
166 1256 1435
4205 1947 1934
45 324 703
3662 4082 1821
149 3324 1840
461 1119 1719
1919 4193 1422
4284 4536 88
2971 4696 446
1567 3287 622
4198 4132 1151
2535 3257 886
3570 3719 1089
980 748 371
3002 2811 1000
4686 927 297
1145 2060 1560
3080 784 327
2576 327 156
925 4415 695
3215 3068 1778
4790 1281 1179
3007 3620 1116
2086 206 1233
4248 2700 1408
3569 4233 1037
12 1228 85
1328 4936 1697
4793 1200 1231
808 2748 1438
4744 3569 837
4174 2538 993
2605 1767 536
536 1927 252
4034 509 1731
2505 3363 181
4903 2666 148
2961 661 943
3163 797 604
1865 1543 340
3846 3937 55
326 3644 1638
1992 2877 1845
2630 619 573
2012 2929 1468
1670 2395 379
217 3045 1669
1753 4240 118
609 4085 974
1767 465 1685
2141 3359 961
2545 3471 517
311 236 1706
821 2980 1220
1619 1655 169
1763 1031 1450
1611 2211 360
4649 2540 1724
2833 810 1403
3830 3136 1864
487 3199 866
3031 3670 1563
3103 2780 1179
819 430 1526
3499 720 851
4689 4990 338
993 1599 907
402 422 115
2968 1797 1093
1220 2635 281
277 2567 1317
1086 3090 1059
3261 1209 88
2584 3099 762
1872 4161 1911
201 620 1911
4021 4908 1971
2425 2982 1522
2388 221 1770
135 1928 1735
415 523 1003
742 2624 1837
3105 1339 1287
126 1983 177
4049 4995 642
2482 4365 215
1066 2713 1161
561 3722 1669
3444 2181 656
3843 522 1706
4057 2395 294
4834 3832 1690
363 3848 813
1430 2671 1337
3312 1050 1331
1321 1328 609
3392 267 1140
1988 4398 769
2736 4010 1750
4765 3316 1310
2898 3094 1117
596 1834 1128
3679 4427 433
2783 3773 1080
912 988 989
641 2175 402
3477 431 697
4189 4206 1405
1635 4522 1304
4996 4239 933
1952 3473 357
2444 145 52
598 3660 1323
4685 995 330
3314 703 401
71 1585 1380
565 1795 288
1009 2413 1392
4436 3157 188
507 3389 1208
2852 1708 845
3629 957 1805
1074 1315 559
422 402 1943
556 4418 1165
2821 2897 1213
1820 1081 556
4233 3282 515
1659 3720 704
2868 4761 398
4039 4276 482
3320 2286 1726
27 2845 1980
2989 866 586
2141 4518 1593
3996 4257 799
1534 321 1841
1893 350 1561
3364 4107 1113
3589 743 559
69 1761 882
1109 4830 958
3833 4333 774
1604 1069 92
3235 156 1174
4884 4374 950
3292 1272 1927
22 1456 1377
3735 2835 1725
4890 3696 726
4823 4329 1063
4311 261 1525
4028 2641 1316
1254 549 782
889 1024 431
3277 890 901
3920 2508 506
215 4624 451
2400 2747 112
2747 4370 117
3518 2863 99
1967 1199 1741
3193 4299 739
4797 394 1171
2711 3908 280
745 2435 515
3385 4654 1994
531 1390 186
4083 3302 237
4768 2547 819
147 3694 270
3423 2165 984
315 1183 1954
2833 1393 836
2779 3013 1712
2757 1822 807
3538 2387 1320
1997 463 1301
2545 4889 263
1914 3438 1911
2151 4551 166
4365 2783 1628
637 572 1593
4808 724 1128
1480 2866 1357
2137 2817 886
4866 2204 1172
2373 1240 1596
2982 3744 759
3370 564 33
1840 3370 1363
3416 3916 1473
2342 3700 3
3255 3674 210
3233 1621 149
4310 2868 909
2998 663 1938
3772 2209 1884
1899 1747 446
4521 2643 1800
2685 4114 1822
3676 2334 912
607 3163 1594
4144 2729 259
1982 1144 1526
356 1489 993
2020 4357 1423
4716 3572 431
1747 1525 1097
2179 1864 1184
2849 4068 1297
1957 947 761
3513 1672 274
2950 3598 203
4894 1661 1423
2298 3401 854
1681 134 1684
3008 4421 1205
4070 2998 1367
663 1101 510
2746 1034 13
2440 2677 1950
3441 1414 1442
343 4198 516
1279 2989 238
3546 3514 1619
3615 4374 1559
3873 2760 1105
3060 4987 1856
2838 4109 1840
2475 2424 697
3655 36 536
2314 3915 1031
2166 4632 436
441 1678 301
3466 2779 209
4876 4154 874
4065 4959 1519
3479 4247 157
407 3563 60
4066 4372 4
2823 4889 1946
4038 1419 1837
3867 2169 83
4553 2446 872
3283 4448 1712
3840 4696 1451
3437 70 600
478 1720 652
3962 362 777
1941 1918 261
1949 316 411
3599 54 1059
936 1193 1146
4244 2141 1276
3452 3106 721
1943 4780 1066
3272 1294 1471
2171 3345 340
1128 643 1018
3095 3757 1731
1983 235 822
2954 1813 1699
3809 1622 31
2518 377 1704
3532 514 13
4391 3982 1510
1690 1262 902
1300 1669 1540
3418 4323 213
2954 2529 1663
629 2833 190
598 4052 1021
1723 1884 173
4672 4558 1311
1676 2040 1167
1921 1139 1157
684 204 283
613 2324 1045
2037 3544 894
607 4034 772
1576 1090 1768
1097 1 1952
3674 1159 472
1435 3365 1593
206 2124 224
4891 2093 780
484 842 1560
2028 2971 484
3521 350 1766
1391 3784 1223
289 3332 1288
4389 311 1540
2003 2986 1799
3775 2251 857
3265 657 750
2409 2871 5
2233 1216 1000
1940 1838 705
2740 2432 1681
1200 958 103
984 2471 1538
3968 2333 1029
1538 1634 1513
402 1989 51
4019 2973 310
2269 3338 910
2906 2896 1652
1085 521 1591
469 2598 1321
4425 2515 1006
3392 2109 579
2620 4693 1459
2012 1347 1125
142 3687 409
2940 2749 492
4361 1126 349
1939 1130 212
3719 1676 174
4854 4926 953
1652 1538 1372
57 2433 1354
4095 4324 216
3998 1003 263
4694 2168 1667
1076 1256 693
4668 46 1465
1677 3594 57
2088 4783 951
4559 2223 1231
4845 4408 1045
4969 4535 26
3233 1699 461
4922 45 1587
4379 372 1103
1734 1036 480
1840 1801 1067
3289 173 1243
1541 3760 1989
2281 3910 1687
1157 590 885
2044 3191 647
4232 470 1093
4962 3874 1926
4469 3823 1504
1345 4570 1131
4075 158 1636
3183 2251 447
2061 4029 695
2389 3731 185
1901 3392 1459
862 228 890
981 2253 1512
1160 4565 1795
715 869 89
3437 4991 959
1548 4465 610
2872 4335 1168
225 3326 346
1958 2063 1563
553 3406 1762
1256 3222 392
838 2666 1319
4878 4497 192
3131 4171 1035
836 4373 1619
509 799 1701
2463 3459 635
959 3018 539
4518 3089 48
4460 4768 1273
2923 2310 696
3291 1183 910
1963 3700 8
2670 1707 1833
4063 3009 1890
1293 67 999
1274 3623 1311
1194 4758 1167
2326 4907 90
282 4270 1767
3947 3637 56
567 1191 1876
1885 3980 749
1056 278 781
320 4064 443
4411 4451 1752
3270 1441 528
2187 812 870
2466 440 1390
2336 3294 599
3899 3727 785
1175 348 1000
422 817 171
1430 406 1126
2603 4714 1414
4195 2640 389
1007 2427 759
1259 400 1863
1626 743 1606
68 3679 675
799 4067 1080
3334 2244 226
4946 4451 204
3731 3208 1499
2348 4937 1453
1107 2685 1273
1525 3873 1087
2261 909 1817
3627 217 1653
482 210 1569
3197 4847 492
4048 1371 1061
2971 4510 730
776 3209 1876
3684 232 383
1137 195 1799
1780 2784 1130
2473 984 1397
4611 4391 575
2685 2854 1403
2728 2755 106
311 3308 106
2776 1532 233
3028 48 1420
1718 4915 1854
2490 3467 1769
2077 310 284
647 2584 596
3173 2958 428
1207 4905 827
2977 4380 1488
2165 2468 1320
3046 4151 1099
2163 3174 730
3692 877 695
1473 624 1892
3009 285 1657
4844 1689 1865
44 490 607
3617 528 818
4601 3068 1553
2379 4650 111
3695 3253 152
816 3731 1305
948 4288 830
250 417 1494
243 3442 1727
4337 3380 987
3124 1065 588
780 1420 844
2462 1233 861
48 4500 135
3235 2569 321
150 2753 1563
1387 4533 723
426 2954 803
4528 4987 338
540 3048 254
90 3630 1239
3620 4675 1317
1331 3367 578
1366 646 1223
4397 468 1200
2581 544 918
2689 4949 887
3550 1407 1345
1465 4344 1193
4803 1509 1252
2266 2629 1852
901 3961 1662
3853 3917 569
3497 2680 5
1875 1460 1188
3727 3975 146
1788 152 82
3940 4841 532
1336 1034 1937
3172 2581 1734
4221 644 171
834 1173 1961
4757 4063 223
3537 4733 620
3485 1775 1048
2580 560 39
4735 2502 252
556 595 297
4642 2166 15
1317 4235 1591
2993 367 1939
2349 3805 1761
2777 2502 1328
4364 2185 953
2049 2660 1032
3844 3139 1438
3842 3081 1574
4363 617 145
2572 13 1256
2775 2838 966
4717 2708 1242
1825 419 538
1665 1587 400
2477 2526 1091
3502 4316 466
2057 438 1575
3717 1502 1512
1145 3913 647
442 211 422
1065 65 1325
3735 4278 1999
1856 722 1468
1007 804 1018
3082 3120 1447
4907 3224 592
960 2583 1456
1873 680 1391
1589 2269 1796
4346 546 1274
3026 4345 1653
4198 1386 756
3155 457 1385
949 4340 1592
1439 3627 1413
3772 2229 1078
4914 4496 147
1084 43 1332
3725 4626 1599
4422 2385 1502
1751 115 516
798 4293 785
4857 551 1201
1152 4485 1315
857 944 1870
4283 764 1969
2746 4284 1775
1476 218 293
3432 3316 1349
683 3756 1155
131 4624 1534
1240 980 700
4949 855 958
2198 4809 1385
2407 2542 542
3069 3448 1019
1605 1611 1757
3362 1236 1151
2591 2298 617
331 2597 1184
1839 4166 1395
2508 2901 102
2224 1205 846
2460 2539 29
1814 3220 517
4404 2461 1783
1699 2865 803
216 299 1148
1764 944 752
4129 3514 1925
4514 919 1279
1753 1306 707
1893 344 998
1604 3950 1858
3588 1288 1657
1672 441 725
4033 153 1384
4501 1839 1697
3814 3808 535
2137 473 1064
1097 4731 1906
1783 4871 478
3530 2892 1260
644 3970 916
315 2483 279
1299 4909 1573
1806 1105 1736
2662 1454 1230
269 3073 421
4310 2649 652
4812 1366 1147
1841 4060 1963
3078 1531 900
715 1956 611
198 4118 948
2832 858 1281
695 1669 1834
1268 2918 1441
2541 1849 1154
872 384 450
1537 69 1191
1364 1865 1112
3007 3020 1711
185 4700 1471
865 3562 868
4876 4161 1426
3266 941 1007
51 2959 878
4439 3630 780
1105 4638 1537
3195 1254 1216
4779 3340 1121
3958 4486 1561
756 2517 869
4180 1570 1702
1235 1266 639
1359 3554 44
1523 4098 867
2651 3495 128
1401 4132 1701
4922 753 407
4109 3415 255
4851 1846 68
4397 132 1574
836 4159 1281
2417 2713 338
2000 3900 1226
2754 123 893
1906 3206 1375
2525 4832 1369
4944 866 1364
2934 2872 1244
3883 1486 1646
2734 382 1762
3893 1687 554
3233 4109 620
3100 2359 1386
784 3292 708
4805 1562 718
2681 4135 305
1177 3034 662
2441 3520 1284
2479 4803 463
4036 3073 305
4020 4245 503
1007 4298 1132
1391 3522 1461
919 3192 1647
1568 1311 1572
228 2758 498
2755 4434 954
3624 870 1930
4717 1371 1640
347 2832 749
4778 844 1042
3609 4072 1864
3893 1989 321
2924 4173 1668
3468 2569 1067
3664 877 1674
1548 4666 1036
2608 3043 1908
1229 879 754
4875 2959 1030
2647 205 70
3933 2190 1039
1682 1626 430
4099 73 1081
2429 1261 167
726 3099 149
4083 3269 124
4074 3246 1913
1649 4257 1324
1621 1593 333
3356 3958 113
4928 2799 178
2798 1105 205
1198 4809 1193
4175 4059 393
2889 1422 1116
1926 3464 1003
989 3985 602
3705 2754 1983
3618 1384 1636
1770 133 222
2362 4854 509
2796 2187 1292
903 4994 983
1185 609 68
1662 2034 1388
2696 1862 1540
1990 1246 302
3873 1967 1161
4303 4624 509
1466 486 444
1957 1709 1884
2381 53 974
2260 1470 1227
1872 2455 783
326 456 1594
4322 4698 1396
3037 4396 194
3292 4391 1948
3186 4548 1754
2765 3033 1315
3661 2286 482
536 943 813
1689 4580 61
2240 3326 451
4272 2154 96
831 4835 920
3707 3874 1680
1598 4263 1537
4010 3103 195
2905 519 124
4044 3050 646
3576 1759 314
772 1237 372
3996 2897 1650
119 1872 1761
554 1498 769
1237 1508 1923
3970 2891 43
118 4283 133
4059 4058 46
3915 4693 935
1978 2816 1877
4171 655 919
744 3090 465
3033 3208 1247
3558 1306 679
2328 3720 330
4716 4836 1378
3438 551 1532
4340 439 1770
2927 2853 1305
1995 1980 326
3489 4285 336
4799 479 1911
623 3445 1859
3580 1057 156
850 324 822
3341 4784 881
2676 3933 651
4692 4980 234
4916 2194 1853
4352 2883 208
2496 2102 280
2853 4093 448
4644 2225 1272
1394 2308 1922
3755 174 120
3648 41 824
611 76 614
4966 479 1236
481 1056 777
2130 4717 90
686 751 584
3552 8 423
1245 1389 552
248 3874 1131
3941 1928 1828
4136 4611 1234
2817 2955 848
1158 1203 60
165 4406 1503
2021 2021 870
1481 659 662
3179 148 337
4541 4179 167
587 1610 977
1164 4078 1228
4012 994 1627
1470 4719 539
3424 1566 1514
338 2624 1686
4591 3178 474
4815 454 385
4641 1218 1822
1628 1776 869
2253 3057 931
4518 39 1409
876 2140 982
3977 2895 150
1401 2880 631
2890 528 1633
3619 4466 1132
3338 120 1970
542 4813 961
92 2789 170
2880 658 954
20 4630 1934
1384 1879 708
181 428 1735
491 1372 434
1655 3285 797
1520 1327 8
4786 3829 90
1763 1297 220
4642 3962 1743
757 2294 452
2319 4743 688
940 1199 722
3932 1106 647
3733 2426 1653
1419 3547 413
382 1677 1584
1787 1381 321
3231 3464 1532
3475 2987 554
4378 924 278
3640 2958 1769
434 4957 1556
2091 4807 160
4658 2099 1439
2773 4338 1908
1129 3912 1969
4190 2263 197
4214 1961 363
4477 4261 1534
3231 3732 1229
1231 787 1935
2973 885 517
707 2228 724
3480 2637 1658
1229 3582 1173
379 44 990
4727 2816 120
2812 1458 102
3401 4134 525
316 3881 1353
4192 4946 1593
2971 346 50
1269 4715 851
3988 2040 879
4382 3171 1066
3828 4900 1903
1156 1482 646
1285 1638 447
2166 3701 228
2849 4874 16
2053 1061 705
1456 4849 1080
4667 2144 797
3850 4113 609
131 1590 1745
2794 4607 1538
1165 2491 1686
988 1002 1098
2613 4513 255
2749 2092 595
2048 4704 1031
3472 2822 1458
4232 1154 875
4850 256 902
932 4327 1394
2287 1294 1637
1626 528 1500
3834 930 1792
2965 3702 220
3408 374 1365
1668 4400 928
312 4986 1195
4945 838 1930
3501 4213 1826
979 3580 1017
1941 4314 1966
3796 1122 106
2753 3786 1168
3187 1481 1044
3432 383 1699
999 2881 1802
3607 110 398
4049 2438 119
1264 4785 409
1012 1246 1986
3929 1191 427
3836 2070 917
3562 2238 335
807 2761 1118
2872 530 601
1935 4270 1411
2924 2162 46
3445 2853 466
1181 4580 1066
131 3003 1906
4463 261 584
2926 1471 257
2959 478 1813
1580 3228 989
2264 2740 271
2412 4389 1222
841 2929 447
1173 1644 523
1743 131 1041
3251 4812 1396
1087 221 509
4645 2041 938
4961 2956 146
3297 343 75
1203 1389 1179
4963 2966 1368
3855 2125 306
295 4795 239
834 4526 27
4210 4278 1286
2424 3582 383
1227 4554 9
330 1171 1790
2332 4585 847
3952 4644 239
2597 3077 204
149 1955 370
4522 3091 1669
3041 337 1555
3481 1977 1169
2941 2188 1152
1539 1334 1493
3721 4235 1604
4391 356 990
2503 437 1673
1718 4488 1141
3720 1522 1913
72 3741 239
1608 1125 1294
973 4172 1939
2805 4756 155
836 1105 456
1559 3728 1068
1699 2100 249
2308 1698 1584
3657 1829 233
793 239 225
1569 610 811
2835 4418 1522
2302 2896 1552
2594 3691 54
1422 3663 1012
4815 4254 118
835 3230 1723
587 4897 1575
4839 1037 1776
1586 587 1254
3855 1763 1539
1033 4252 1195
1766 1300 33
2208 3999 1117
749 4708 1257
3680 2381 1501
1460 4816 372
2965 1601 559
82 360 1628
4251 821 1888
1276 1605 1302
3524 2174 1631
1585 2188 76
4185 1918 1251
4469 462 1852
4612 559 86
2692 4749 115
3071 1184 390
1727 3924 123
1113 1451 326
3432 1866 471
4221 665 874
3645 4129 1550
3480 2432 476
4421 1805 660
1042 3614 419
4366 1321 1336
2139 1605 404
2031 752 296
1779 471 1127
4987 3986 566
4035 4102 77
2037 1017 1032
3678 523 547
3111 804 1406
3791 3509 1817
1791 4501 142
2652 3377 1747
4566 4082 1153
1057 879 1295
3481 1874 727
3070 2155 770
2875 4886 1375
3937 1554 988
3969 4672 1280
4757 76 1251
4409 3204 1317
3631 4296 1328
1473 14 1297
177 706 489
2915 3544 1163
1384 2153 1188
3884 2389 704
2157 1371 1041
3918 3377 1573
2242 1921 79
2074 2612 271
3324 2121 1225
3698 433 1961
1107 2999 888
4457 2632 1934
1826 539 420
4300 254 1972
4028 1509 911
2212 4849 196
2352 1603 611
1879 695 203
1514 1843 1874
1991 2716 1542
2985 703 1214
413 3608 796
476 1296 45
3961 3648 1936
658 1269 1684
2601 2349 1447
2525 2548 907
1211 487 143
1771 2789 49
1259 3938 490
4468 2086 1288
1189 2032 1583
1615 4102 186
843 1452 127
3572 2911 1457
3953 1966 1946
2443 598 1262
1215 3861 1422
1694 4930 257
2004 2625 1807
697 2544 672
2399 3119 1140
3985 736 583
432 2470 1750
4500 4519 1357
1708 4549 426
2337 1175 1768
2641 4694 55
4999 1201 107
4564 65 1672
2261 380 133
4543 3404 1772
761 771 1597
2407 3299 1955
4164 4653 1291
505 95 519
2656 150 1770
243 1950 979
3284 2406 504
1297 1713 535
4961 4621 1732
4217 3516 342
2748 2626 1855
956 2161 1042
4649 1829 731
4151 1447 1442
4439 3341 739
4925 2408 996
1340 4485 1324
426 2035 769
4662 1259 1816
2035 510 1196
2175 4285 1215
1033 3142 1635
918 4212 754
4297 450 1270
3237 2939 657
3289 1253 1025
2562 1008 338
1864 2445 939
825 4865 1127
1626 1622 1753
4443 498 1219
276 3575 1498
4498 2936 841
791 4753 1264
598 4892 1212
3467 2401 417
3594 1086 763
1169 3225 1897
3849 1568 1598
102 3752 1293
1411 54 885
2540 4468 1553
1235 3256 1982
4406 3163 1778
3623 2075 1008
2844 2112 419
957 1718 1429
4742 1083 425
3065 2896 1487
3828 248 949
4909 3015 357
151 4320 1096
121 1687 603
120 4542 226
467 217 456
3636 1656 1095
865 799 1885
48 3376 682
1111 3476 197
1877 4220 918
3256 2671 96
1673 4469 1562
2757 2545 1106
4007 1618 1149
2871 1586 1459
2969 1763 1458
2682 3858 1652
2348 1702 1879
4333 325 762
1746 4028 1190
566 1206 393
2386 4460 1355
1949 4054 833
3991 466 993
759 790 120
1870 4459 658
1675 270 1329
3479 3175 1499
2272 601 1370
3918 238 588
4914 2924 147
2698 252 1751
3673 2946 741
1243 104 59
4505 3177 1986
1067 597 1264
2938 3727 1052
3618 222 755
3978 1836 1791
2427 4298 1451
3108 4019 1825
504 4683 1114
166 191 879
611 2984 1810
7 48 764
4868 4663 665
1324 2279 1455
1390 1545 1655
1605 2452 1243
3064 4152 1993
2211 1247 375
3235 3807 1276
3482 2354 919
1233 3213 1209
4008 2689 1087
1882 3347 1103
788 3754 1992
2966 1411 120
4079 2080 1242
346 1207 1206
4368 3254 1862
3685 3827 1341
4682 3243 1583
716 1553 1559
1108 4170 1602
1363 4116 247
4970 131 346
2384 3009 6
1436 452 1838
1036 2418 1570
389 2475 439
3013 3931 634
91 2641 1057
2055 4480 1337
1941 2830 1788
3202 2678 1393
751 4097 901
871 2665 1130
4186 4382 1688
522 1394 38
3576 878 1634
1864 789 814
2495 4746 1813
4240 4623 1905
4167 1876 429
4695 1147 112
2257 2949 838
2465 2564 445
4146 197 1334
4701 4782 1321
3433 4575 1919
2393 3809 607
3815 2584 1706
3876 2193 398
1974 4112 1814
3929 4196 1101
2672 4205 1345
4298 2679 445
1042 1249 729
4148 4758 1009
4668 2568 1823
1020 4376 1176
2666 1978 1851
3084 783 611
421 2314 860
3994 1028 1480
2527 107 867
1950 1733 947
1953 857 1633
4580 1060 419
1417 87 1940
4063 669 1234
4989 4599 293
2554 4155 1696
327 4674 1338
4140 4907 461
3115 4464 1795
2196 4258 382
3738 2478 698
314 57 426
311 1302 990
1833 982 289
2559 4592 832
3428 2181 3
1361 117 335
4493 4386 616
4686 149 1226
1334 239 878
4178 3488 282
2916 3842 1112
1176 687 925
3105 56 805
2826 3745 653
2993 3244 1223
3126 4979 683
2098 538 275
131 122 765
4405 3428 1508
370 338 549
1075 4299 605
869 1830 1536
2138 3811 621
57 3377 171
3071 2720 533
531 820 1750
2765 37 635
3734 705 416
2353 2127 564
2041 3050 196
2157 988 71
3698 1598 954
1992 2094 1414
13 3023 1476
1752 295 741
4443 4077 704
179 2444 679
4680 4062 901
271 3659 863
4902 1453 1890
2783 3375 396
1024 3719 206
1363 689 1287
1638 3816 1463
4754 2003 242
3091 3029 1320
3700 4186 64
3261 800 937
3421 2984 118
1687 1689 1321
1350 4082 224
494 1074 961
4175 3395 1977
2281 1129 275
4356 1266 1396
3590 2084 834
3905 1816 55
4935 2559 1921
812 3831 1404
3110 1431 396
1290 2407 767
4831 2068 1072
3466 3527 1437
3974 2525 1413
3484 4781 213
4104 4984 1118
4900 4655 378
943 3739 1193
4042 1380 924
4350 3169 408
3140 3056 58
70 3840 94
4069 4812 1241
1119 733 1703
1384 1446 1519
643 1211 515
1175 3087 271
2994 3270 710
2935 4438 1181
1899 1777 893
1873 2741 1523
2753 3346 437
3791 869 351
3805 3732 720
4528 3383 1267
2932 896 491
2308 1550 1652
3910 2813 273
3279 2482 1261
869 2643 828
2247 614 1623
1336 3197 604
225 27 1263
4002 3809 1468
4690 1807 1609
4948 2965 1274
2658 2522 1368
3026 87 385
2293 2110 626
3533 3078 536
417 774 1358
3 3861 925
1306 1916 463
4305 4381 190
3551 3842 835
3149 4464 863
4977 2347 860
2087 3560 84
995 1840 1289
4903 1532 876
27 3122 221
2374 2418 307
1272 4302 135
3129 3425 868
124 1848 1395
3199 3418 1305
2530 1142 1398
3799 546 1975
4828 3857 92
3485 232 308
3526 4082 385
1046 4995 1507
4251 648 837
4830 2113 1985
1937 4885 1490
238 3440 837
4937 3046 686
3828 400 1477
2982 3013 1699
4655 655 769
963 4312 1642
1557 2270 1638
1742 32 968
2509 441 433
3491 3411 1378
690 3552 62
3219 2593 1923
4508 3830 336
877 359 1032
1275 3713 834
2560 114 1462
4749 709 175
2591 3340 881
3654 3051 1900
434 765 1272
2693 3433 138
939 3625 379
1140 2043 1481
2791 2382 640
1896 3591 1214
1740 392 146
281 4622 1998
952 2633 1660
4925 245 1798
1882 931 1048
3693 1914 1884
4787 2493 1903
315 4131 29
337 1536 123
4998 96 917
1364 3081 1971
3695 4131 1638
4712 3202 1227
4933 3973 339
2395 273 559
486 1143 1230
4549 1560 667
4543 3030 475
4227 3128 730
1103 2931 1095
3388 1137 71
4293 1466 457
2362 2847 820
4364 3653 1683
4401 4312 456
380 4394 58
699 3311 195
4689 928 1577
760 1062 1615
96 1682 1340
1459 3567 337
1499 2593 404
2243 4923 1151
2551 4239 687
2013 1740 780
4568 4798 1501
1557 967 1812
3907 1982 1393
3857 1543 988
1795 2448 804
1602 3507 1810
4085 4301 1999
1633 1177 177
226 4847 43
2684 4848 765
2755 4386 253
1862 966 492
2238 4790 28
4690 4735 202
647 3064 1195
2369 2177 562
528 2533 1224
1043 305 1282
2666 4081 1497
4832 1121 1324
4029 3457 1277
4718 3386 1428
1310 1315 455
1262 4962 588
3994 1076 1538
3781 3229 1392
1279 895 1063
2142 1733 807
4702 349 232
2014 4195 1720
4331 3661 948
4451 787 1967
34 207 1319
1774 4584 816
3901 533 131
600 731 1935
4219 519 64
1567 2891 1226
1634 3823 540
76 1115 308
1788 3597 1288
401 4371 1620
4329 3957 805
4513 2543 1714
3045 2406 439
2300 2883 1740
1721 3932 735
3500 3709 1724
778 543 1313
2094 1260 1308
130 1940 30
1346 4916 1518
1792 1875 309
1209 406 1043
671 4952 1429
1995 4116 1719
81 2331 729
3682 2869 397
3569 4971 1137
266 1165 922
3723 285 1867
133 3162 244
1966 2285 841
1020 783 1844
1632 2774 1185
4072 4934 1885
625 1183 709
802 2842 900
1599 3030 1013
4436 4054 688
4799 2020 798
2181 2689 363
440 2107 92
4387 4137 380
3829 3363 1290
3806 3073 896
4215 2810 935
1761 4240 295
2447 3343 767
705 228 1080
1953 2163 221
1002 2389 520
1258 794 303
1247 2073 447
2074 3698 1242
2960 940 1272
4545 4113 1543
2865 1655 165
2800 4133 718
3360 4407 132
1498 4463 1131
4272 3731 1465
1056 720 996
244 4869 1567
1582 451 810
4811 2121 1558
4756 2042 1209
4496 442 904
1730 334 614
2672 4615 857
234 2125 660
4858 4054 1185
4847 1051 855
1308 2205 878
4994 4423 738
4944 4206 309
1593 3810 271
1037 1869 954
2633 4018 1080
53 4143 580
1323 4653 1954
756 3070 1694
971 3838 1825
4255 2464 130
4800 622 928
4315 3942 695
2668 2990 331
1030 3810 1703
3442 656 536
4750 2399 259
1901 496 1635
4826 3629 1441
902 2765 1973
3454 4080 1033
3297 2074 1795
2561 2556 1134
4277 3746 894
1960 607 1274
915 1998 399
3738 278 1232
4850 3570 1226
3726 3210 768
2044 4734 536
3941 4013 710
4795 422 1593
3031 1771 1260
341 1555 1442
1336 1810 830
3473 4802 68
4786 3719 96
2613 4883 566
2715 3574 1688
1263 1911 511
4912 2968 1551
615 2878 1699
3351 2855 443
1399 4220 1529
2425 264 1590
4062 1725 1425
3000 376 1896
3422 1479 1329
1404 3620 20
14 4724 1130
1132 250 1430
2367 3132 1579
3465 2786 123
3142 4904 731
3926 672 223
3271 1458 1449
4706 1114 1975
4288 4808 7
2033 3595 684
1248 1723 1979
3165 59 872
1719 3773 1752
505 2309 1147
3525 2582 451
1421 3687 1513
2901 3220 1728
545 1379 107
3719 2701 380
4371 3514 1708
1252 3396 1404
4995 1768 1481
2744 4005 987
2384 3462 1575
2583 2107 80
3409 3772 160
3579 3746 225
1259 3817 493
1257 4885 709
2842 2618 1899
2565 2592 1038
1121 4136 676
1821 4249 1259
3052 827 1983
1809 1261 1910
1387 1657 171
1316 2486 1889
223 1889 1351
706 135 620
4715 4072 482
3007 4162 617
2313 19 1576
4392 2907 1359
4654 2110 338
1730 4964 1616
1492 4976 1901
2843 3019 265
2375 3735 783
4376 2635 704
2215 4591 146
4473 2817 1984
2248 4685 168
1646 4321 425
3478 4953 1844
1669 4224 590
3888 4163 995
2468 1367 227
1365 3414 185
2107 3790 1912
4474 3495 1112
4754 4204 1499
2541 2826 979
4895 1957 1026
4605 4839 92
942 4625 63
1668 2206 771
1482 1512 1663
894 1364 1184
262 457 1204
3313 1626 1412
742 1052 562
1589 3264 1189
4903 4006 1562
3379 4534 401
2187 1182 1305
1483 1515 1516
999 2457 1358
1817 1270 1092
4537 1191 856
2931 1715 1693
3612 552 86
478 2683 1691
3 4921 800
2118 3092 73
4297 833 1912
1588 2206 458
1566 4945 411
2759 931 169
4590 2473 395
4014 3776 1331
4049 899 774
2066 408 547
2161 1732 483
2268 4484 1450
1755 3578 811
1546 4127 349
1827 4125 615
2466 4839 1322
2554 1252 603
4360 1447 1909
1030 3871 8
291 3253 481
4638 593 1996
3262 1006 1290
2766 4147 777
2267 4946 12
617 1115 230
1199 822 1239
3905 1930 1968
1382 4207 217
640 1384 265
2607 1228 626
3163 2883 904
116 3009 1028
2821 1135 1355
1804 268 172
1085 482 1185
1675 4669 601
1080 3704 379
3212 1486 1900
207 637 935
2512 2924 114
3120 4060 91
895 4524 408
183 4365 1024
2587 1236 995
2375 1152 1354
1500 676 1816
4524 4699 462
3806 3684 1440
2967 1670 1706
3163 4757 1766
3000 2410 865
4029 2413 431
2416 3443 26
3665 2651 1301
2335 4030 365
1640 2443 1505
1401 1206 341
1998 1576 1042
490 4621 754
3150 2181 1124
3619 1970 1733
1021 1083 935
1629 1544 1959
3115 912 1801
3415 4082 1002
2240 4608 1264
4950 3573 1422
2043 4769 459
1764 3692 422
69 1439 783
753 1582 1375
4370 621 1065
3296 2921 1020
2828 1695 234
3387 3835 540
3641 4628 477
2858 3454 1932
4585 4350 293
2528 1784 1878
2670 2876 1296
4039 2622 1811
2763 4846 486
3936 1327 1623
4279 3044 758
1545 1768 22
4722 4360 1621
3912 3943 1099
1746 2945 797
3431 380 77
1443 4644 120
2 4158 888
1215 310 970
3680 4713 334
2480 1552 416
860 574 706
2465 3132 153
4411 898 1480
4730 3378 409
4844 1858 1963
4526 4390 1732
2676 1495 1918
387 4262 1598
2825 4370 700
4902 4514 1617
3030 1902 1304
1863 1371 58
3885 4556 42
183 2618 219
1408 2854 1132
4420 685 1508
3406 2780 692
1674 890 105
3254 1499 897
1558 1280 1908
602 2434 1558
3205 2789 1333
4969 1129 1912
3026 1983 1689
3606 3243 622
1154 4003 1696
4802 2639 1313
38 2658 131
2362 1679 38
4099 2456 354
3806 4695 771
2255 3575 1057
278 566 756
3072 4249 1289
853 2279 1713
1512 4905 1668
2189 2140 1850
4956 841 1851
3950 2592 1503
2821 1852 1106
2097 4877 330
3757 869 1429
622 679 1299
4057 4182 1457
2596 2878 971
1225 1338 233
75 940 1261
4535 2587 865
2270 2291 335
2800 4632 1220
3238 3154 1706
4094 2836 1581
1544 544 1036
1542 624 1454
1634 902 1617
341 3949 1456
4618 2541 256
982 899 1769
1712 4177 193
3982 2170 8
482 1081 616
1146 1167 44
1124 2310 1010
2720 2820 643
881 958 360
3786 4285 1383
1797 1437 14
26 1871 85
2661 733 738
527 4304 1055
912 1131 439
583 4931 1719
296 4841 1344
1013 4872 457
673 2249 1649
2970 3930 600
3873 97 105
4770 1246 1691
249 1980 473
2135 4290 770
4122 1411 1469
4010 1289 1282
1457 2561 1380
3341 448 928
4401 2791 131
1399 386 1596
274 4376 1107
2755 2121 111
142 3849 759
159 2330 657
3576 4234 1275
4823 2916 1661
321 4035 871
1977 4479 621
4000 4268 1418
737 1071 579
4909 2296 1783
1521 180 1202
2607 4979 1551
2180 97 873
3902 3098 896
4791 3816 254
4589 2689 767
1400 1991 992
4206 1399 1380
2750 1717 330
3811 1375 1787
3097 377 88
264 3945 1185
1623 4386 453
730 1320 1094
578 1653 1605
3270 1292 1711
3370 4072 1975
2147 123 1675
4405 4211 489
42 917 1688
1400 4519 676
1565 1399 1051
2650 4425 1988
2583 1322 1565
3690 2672 241
2060 4596 677
118 2490 393
311 803 1448
1486 1454 1274
588 3817 689
3290 1768 404
476 1688 1619
2389 392 1526
3501 2191 1620
4670 941 1768
4876 1439 1071
4852 3601 1851
4134 3845 488
2377 3631 736
3215 2353 1044
3443 3849 931
2689 3379 239
600 3859 1309
4148 534 970
1786 3695 748
4180 3552 1055
524 3686 738
1906 2286 109
4588 2261 1945
4372 1901 428
1254 4423 1474
1979 4907 1176
751 760 1086
3943 2777 4
4660 2156 178
1434 2653 1908
205 4171 37
897 1435 703
1107 3560 748
2662 4021 1142
828 1532 1802
3794 4273 369
848 789 353
960 1647 1313
2146 2088 1451
1353 632 1181
254 3366 181
4789 4559 992
4633 4158 1209
2965 3907 1675
1188 4731 1915
4244 3646 1964
4454 915 1005
2347 2443 1680
4266 1348 26
231 608 1083
1020 2546 1557
2366 3058 711
4379 4420 573
1928 2727 72
4590 1900 1999
468 2643 888
2438 2286 1431
1800 3621 1131
1292 4161 58
4455 451 1568
4886 4015 1570
3865 1764 1031
3145 189 116
1933 125 1365
4297 4069 1471
2233 859 1644
2911 775 580
1015 448 1008
3192 1638 1962
3103 682 497
4692 210 808
799 1550 1589
2542 4801 494
433 4391 613
4276 3107 594
2997 1182 913
3084 12 1336
3963 1290 994
464 4361 32
4466 4241 1532
1131 3446 1626
4600 1009 637
522 1177 828
3714 204 759
301 295 1306
2029 529 452
3578 225 1092
1261 1753 684
1225 3868 16
3401 3154 1634
3866 4683 1908
4435 1507 2
2292 2088 201
4939 618 226
4722 454 337
4457 3436 955
37 476 1013
1666 193 518
1573 1009 443
4484 1386 716
396 2092 1879
4943 2561 1418
2843 373 1894
4375 1491 1328
3772 3488 1668
2738 2987 837
1204 1879 1053
3181 3198 463
3558 1866 159
2815 191 1940
459 3428 1971
4944 3274 639
4723 673 708
3525 1981 780
4100 3732 581
2279 3580 924
3980 251 876
1888 1504 1056
1197 1479 1364
4165 1475 1664
3321 4504 121
2206 1258 1322
2468 4576 1673
3966 3644 62
1779 3388 1054
4791 1188 228
1467 1101 1413
1569 1345 1778
921 4381 487
1420 671 241
1426 3012 1256
4247 3497 1802
3802 1564 1988
3551 3972 1894
4757 177 1765
3975 4867 1343
1248 2316 94
2256 3954 1404
3519 846 340
1379 2396 341
2856 4193 571
3766 4117 1654
1399 3379 1467
4534 671 1134
781 2098 242
2765 3146 607
310 187 1852
3215 1230 1200
4744 4480 898
4047 2595 552
4368 1419 306
1366 1222 1084
1894 860 1822
389 4928 1879
1040 3297 1330
4968 1190 1513
4973 17 1065
1867 3438 1114
1968 826 417
3338 1630 1787
3132 3538 926
597 4593 474
2090 4506 1324
1461 1319 305
3214 4174 197
3859 1773 1329
3112 4024 12
4105 1914 643
4512 3374 1397
2518 2690 1255
4365 855 696
4113 3278 683
2605 1561 813
300 263 802
4021 2832 300
334 3918 1038
4373 843 1812
3167 680 1738
616 3048 1491
1880 4938 314
4907 4262 723
1286 3624 356
2223 813 193
2012 3623 64
594 3957 1875
950 4804 220
4362 1564 445
2013 4250 237
4294 2532 1269
4836 949 1549
484 3644 1805
2010 2670 1535
4204 3883 92
2519 2625 610
2800 3749 1322
3343 4528 659
2721 1290 1387
2528 4143 270
4258 1490 1170
2201 2529 697
2062 1456 935
1302 4658 1383
1748 2260 1592
4977 1077 1961
2334 3931 777
3937 4245 1938
1585 1699 1825
2949 2713 594
1906 1989 1801
3265 381 788
707 3179 13
3010 2964 356
3321 2637 991
185 4696 1488
1390 492 98
4105 2100 1423
1707 3099 1217
2899 1299 1093
1532 650 1238
2017 1776 1583
1190 2787 1409
3505 1296 692
428 309 148
20 4401 1144
450 1538 1390
3052 1745 1462
3960 3985 159
3973 1924 627
3964 606 361
3488 2035 812
618 911 1836
4779 3582 596
3274 3993 437
1539 1946 1214
2106 178 525
3772 109 1942
4223 4345 282
2898 3112 1170
1674 2680 274
1043 2204 216
2120 54 58
560 17 1788
2620 1828 294
2327 1834 1678
1781 3845 1802
1364 4631 1628
3045 2813 119
4053 3776 1400
1501 2172 892
2017 2239 665
2311 1071 787
4336 875 299
818 4149 896
690 549 1674
2116 4571 829
1150 55 527
1592 415 1548
2759 3973 178
4201 3570 493
1791 3755 1524
2237 2960 1587
1897 265 1260
508 1323 1046
411 4748 1327
2586 4650 146
3381 4791 1747
1645 3793 1229
2997 1325 1733
967 3004 557
4131 1960 149
2332 3802 366
151 2090 1613
3200 720 862
3817 2896 805
2987 3355 826
2529 3870 31
3139 1938 1235
825 3295 1963
4956 2694 1729
3898 2380 219
1776 2661 1035
3723 4066 8
4950 3612 1240
4158 2875 1745
2286 3503 518
2758 4375 290
307 3170 1813
2911 264 473
1771 3472 664
3260 3173 26
2469 3260 1396
3769 4617 318
1100 994 1731
3807 2663 1871
2637 3412 1470
4797 3607 666
118 4241 909
4966 3630 901
1295 3234 1894
1532 2607 510
4515 3468 139
1987 2421 1622
3584 762 713
4233 1318 1875
2518 4589 1675
42 2316 53
937 2612 511
4129 4354 1932
4890 2684 222
3045 1760 976
233 417 1002
4720 2132 1937
2658 2382 675
3901 4361 1774
4065 1831 241
1284 4492 1617
151 403 468
2319 2385 1325
4079 1374 724
2383 2092 640
2416 1151 229
1486 1179 779
3972 489 1186
2896 1542 1944
3709 2067 1652
860 3435 627
4961 411 848
2651 3297 1717
807 2349 1390
1566 3365 851
1994 2651 1660
3000 2608 997
1735 1347 1422
3708 645 1480
4348 4376 689
4550 776 582
4659 2569 995
3546 4755 595
4571 2021 1815
3195 4070 1487
4992 3387 610
2449 768 467
622 320 876
131 2727 331
4567 148 568
3057 3418 1506
386 1531 1491
1282 3065 454
1303 2796 83
2274 3391 1487
3269 4419 892
507 463 1661
2211 3111 601
1759 953 1383
4118 595 1735
2687 1662 1900
2785 1230 124
4396 2131 1837
2302 566 1626
2447 1326 1510
3738 3789 430
2103 1449 1024
1460 4323 659
4176 4735 1730
2925 2430 1405
144 2320 772
339 3125 371
430 622 1645
3181 132 1513
1034 3081 1186
2313 4850 1999
862 4393 876
2213 3845 1491
3005 2463 72
4013 3258 1980
1829 246 303
4049 1129 1297
885 762 361
3229 3008 1059
1119 802 562
1390 3899 1638
4215 3518 1333
1515 2650 569
603 4295 1400
2249 895 490
4727 545 726
2466 4140 1942
4224 2411 1587
4455 825 122
4683 3865 216
4872 1904 1072
2421 1273 756
4483 2855 998
4345 484 1737
3920 3534 666
1378 1334 208
2245 1129 1473
4766 2593 512
4471 1732 1170
836 2434 411
3082 816 1960
1400 52 1393
2512 4059 1375
296 1390 836
1733 768 260
1345 547 54
4450 3756 1855
4018 355 35
492 2535 1463
3193 2711 1662
1614 3565 1827
4195 1442 1577
4186 2682 19
963 597 768
3228 1813 1036
4070 4500 778
4044 371 545
3739 2884 387
410 2092 59
1616 4273 1828
3425 2810 254
2743 4512 875
1265 819 948
1431 382 1689
3238 1658 1303
3722 183 1090
164 4103 879
2600 4894 834
4678 2395 1196
2572 4262 105
1906 1655 445
896 4509 25
2981 785 1119
4127 1584 709
1971 650 0
731 1633 691
436 3838 1187
2147 44 378
4827 698 1733
3142 4213 1402
3254 3969 1875
575 933 545
4977 4152 78
3202 2983 1912
3686 2708 219
785 2552 19
939 3461 780
1702 2640 816
3147 1233 1659
3769 519 1282
3155 3057 616
2988 3628 303
955 979 649
1778 3381 1294
1555 417 638
3719 1954 427
743 1785 118
1938 3782 837
1055 520 1671
3320 4873 649
3005 2628 1709
1775 2290 258
2649 2824 628
3873 308 1189
4226 4247 1576
4717 1501 1858
738 1215 1822
93 4604 1528
3194 565 1596
3803 3076 1555
216 4391 1463
2389 3427 830
25 1717 1253
1605 4581 336
4429 974 1524
870 4480 1778
4050 816 112
4805 1396 1462
3934 1542 525
3788 1476 930
1984 3017 542
4608 2014 594
573 329 1657
674 922 1823
3513 578 905
4176 2648 593
3732 1764 709
1831 857 1534
174 4600 434
1949 4230 1927
3507 1864 389
2379 4470 1063
3256 1898 107
4555 557 1112
4220 1 854
4135 1497 94
2534 3014 1734
3381 103 1815
2380 600 1064
2998 775 1382
873 4831 435
633 3188 1810
2199 4812 1231
1385 547 370
761 1892 804
2221 3863 1986
193 3322 1601
159 3735 1870
3741 516 1591
4410 3972 1205
3816 4322 536
2658 1088 738
832 4575 1580
62 3551 1926
268 32 247
4731 2675 1799
2405 461 890
2529 4733 81
2620 1106 182
4315 4939 768
4049 4062 999
1979 1210 1074
4624 79 103
4114 4421 188
4356 414 667
232 197 1363
804 663 1559
3485 1834 611
95 3874 982
4225 2943 669
2192 2029 435
1130 604 1667
523 2375 1576
409 472 1515
4802 513 481
4762 2838 569
4260 964 755
1798 1996 803
3903 3366 62
4191 4475 105
277 3549 257
2393 3192 1431
637 2923 297
2269 1951 323
4271 3339 1803
3747 2614 584
4650 1504 347
2124 4113 1882
441 1246 1870
4827 454 619
3075 4697 986
3025 18 428
4776 641 431
3838 2658 679
1066 523 1952
1793 4137 735
3044 292 277
2787 1674 1607
3293 2309 1677
1109 1525 1513
2293 1221 1641
1114 57 1225
3940 4962 192
3266 1377 1401
1077 635 123
2659 1979 1742
3195 2422 454
820 3709 1386
2960 3495 1429
1139 4412 1938
4489 2359 1306
4045 2916 505
3764 336 1532
3374 2971 16
3338 3715 1496
1059 1645 287
1600 4976 385
3438 4047 1166
2562 1901 1153
4487 2726 113
3658 4735 705
1500 3860 1929
2285 2474 545
3705 1691 1294
4875 338 919
2574 2607 1538
1929 549 743
3568 3763 488
1506 3795 1601
1430 2259 358
592 2119 1021
1516 4521 702
3879 1963 552
4077 426 339
573 259 253
3722 564 1125
4149 1354 145
544 1333 778
4043 1713 1665
4441 520 916
4969 4305 451
754 4544 942
1959 3239 80
63 4826 1151
140 4945 1949
4024 140 348
1755 640 548
2061 1346 727
135 4313 1133
3747 470 1100
3530 2407 1433
1768 3110 1137
495 4527 1744
1419 2754 966
878 1789 1219
1511 1736 627
1500 1525 30
1259 3157 325
4215 4063 180
357 1097 146
315 2779 1949
3342 2986 1958
1601 4312 146
796 419 337
1641 899 708
3204 992 1618
4712 1948 1924
401 1631 157
42 1124 1752
1997 2618 975
2387 4603 1805
911 3998 1740
2747 4043 1762
4713 3806 920
1034 167 685
3400 3334 1323
1455 3841 1941
252 2933 1278
1719 3013 33
1173 4624 1778
4483 4234 1321
2359 2099 51
3835 4026 1829
2021 3515 909
2538 2495 1594
2004 3890 1110
2902 2703 1877
971 142 1625
3133 39 141
145 961 656
4598 4548 548
3745 2100 1408
1932 3074 812
841 3510 1681
4343 793 1927
4988 2447 576
668 1315 248
1584 1591 508
991 2795 828
2411 2888 1377
2528 1733 1729
3486 1988 1385
1171 1377 1751
2396 188 1785
2160 4379 632
248 2619 1024
1033 3683 752
156 3990 1877
4054 2740 683
3470 1961 79
3513 3832 776
906 925 1728
25 4051 1260
688 4764 993
4451 1916 1013
4479 2219 1453
3959 1857 813
4926 2342 1372
2345 456 1165
4759 1115 382
3560 4573 63
440 3035 1972
2198 1844 597
555 2346 914
4561 127 1631
1711 1811 1374
2674 1054 185
3126 1333 278
2804 2126 1998
3432 1223 1265
1529 354 1258
724 4751 386
1463 4981 901
853 3071 1867
199 2849 1837
820 4602 1361
1276 4046 1541
427 3497 391
1514 3442 1957
1443 4309 1453
2639 2415 592
3267 3131 1712
603 2442 1484
1420 4667 610
147 556 86
1620 4071 650
962 1523 315
3313 3986 1779
1430 1725 826
1217 2180 872
1865 476 182
1319 945 1872
1911 1407 140
3147 2290 701
4679 2006 860
1927 2516 704
1847 4620 1538
3662 3855 1433
2394 3867 484
1777 1115 866
1950 1906 1123
934 2632 498
2735 3143 945
4280 4850 1867
3035 4390 1653
4466 1687 1700
4311 1578 1859
813 3955 617
2304 4612 1378
1572 1482 541
4467 2066 1854
4665 2379 814
473 3286 363
2534 701 70
4418 3939 681
3860 110 1052
3366 3311 557
3251 3572 1360
528 1819 1134
4065 4001 1059
3404 4569 206
2135 2081 1150
1668 2349 1040
2987 4488 1765
3720 862 1230
1844 2559 951
3326 1776 1191
2352 868 1136
1089 246 365
1493 3530 1556
1528 2070 1246
1675 3690 800
432 3393 1608
4781 1922 11
1347 2244 506
3713 3511 1615
1622 3502 728
4419 1142 1435
1713 2405 1126
1345 3298 1700
1290 4879 42
4554 3589 187
3928 1432 443
4792 969 1698
4138 4162 1250
2763 378 1749
2524 4525 1812
3378 1900 664
4912 1200 1063
3412 689 1006
1053 1212 1644
1380 1836 46
2196 4099 1489
2730 3134 1470
4578 4709 975
3409 4686 1678
1297 1907 428
2162 1656 1428
1831 2701 793
2729 667 372
4845 3713 1292
494 783 464
188 4014 1602
365 1007 441
3391 1247 1254
996 3043 516
1560 3975 1137
4987 1944 491
4892 383 1753
2128 3974 696
4127 1718 1980
1294 1225 1523
93 3278 1548
802 4628 1138
4718 998 1512
4976 2357 565
1702 3816 1399
3873 4985 409
920 3150 500
2013 1346 373
512 2740 258
1357 3704 1440
2480 2218 1081
3507 1680 1458
136 2837 1325
2344 3095 264
2505 4694 123
1353 2164 1898
4860 4964 591
683 4914 1631
245 3237 1346
3340 4513 313
1472 4921 1249
666 1416 104
737 3564 1608
1805 1054 160
1633 2372 1612
969 4703 1989
949 2 1410
237 1815 673
2823 3189 1869
4378 2325 612
3687 2621 1235
4346 189 1237
213 4657 1869
438 3566 1844
1768 3669 436
1666 2932 1277
4059 4758 1383
253 4552 907
2644 2318 549
4119 4876 72
294 3660 1441
4515 4193 54
2583 3891 1779
666 261 481
4650 2731 454
1739 3046 1980
1413 1257 1935
4659 2468 765
1159 3012 1228
4095 1153 602
344 2821 920
1523 2985 1732
4157 162 697
3411 2674 1483
2637 4452 580
270 4699 1448
2196 4896 64
4867 2130 51
3572 3177 1203
4521 1662 1505
473 1926 1122
4666 3176 300
2913 1572 1601
3385 1683 1903
1424 1629 1615
4990 2371 132
176 2527 974
3682 2150 727
142 767 456
707 1982 407
4395 1001 1929
1751 4917 1726
4897 3658 650
1654 2348 132
2523 765 751
1357 2709 370
3448 3333 1486
633 2849 871
1276 1744 331
2759 1789 32
1791 1092 422
1202 20 1610
3108 4215 862
3114 3219 117
4882 4347 163
4627 185 1412
1762 1135 974
842 1320 1674
1607 889 1474
4535 3018 1815
3326 1240 1322
2402 1595 138
3640 4196 1844
2714 273 1304
4231 2246 17
2469 767 1564
788 2024 174
1782 712 1200
4698 1319 1337
395 3271 399
2855 354 1331
4912 312 404
1068 2660 1417
65 3819 1876
4588 3338 849
3508 4920 251
2836 1360 513
2494 1672 125
1545 4204 1205
2706 3469 978
1856 4322 921
2413 2575 563
1799 734 61
2620 695 1611
4523 868 1606
3586 4514 180
1330 1844 666
87 4947 1359
827 542 1278
4820 4972 307
2546 3043 306
831 2223 1033
374 441 1954
2608 4081 400
271 3709 607
1484 1655 412
271 4154 475
4030 1119 1938
3879 3210 1504
1632 3987 353
1244 4571 102
957 4110 677
4267 4349 28
4402 4182 527
3067 4135 84
278 3158 1055
3743 2576 1221
4654 1774 497
1812 2688 1943
3052 2316 1024
1704 1263 748
610 925 620
2257 13 1480
4087 3402 395
1599 2791 1221
4023 2913 849
3311 4512 1830
4766 649 565
2534 1686 1176
3239 1900 914
4842 1043 352
138 1468 1760
1110 678 1026
4406 1775 392
166 2042 1986
4783 797 750
4256 937 644
1214 218 1660
1859 4268 1110
3116 199 1927
1179 3381 793
2420 4629 155
1625 2770 303
404 807 1872
1146 3403 317
1262 1903 961
3741 4657 968
3562 392 551
863 4598 1757
2884 1102 1492
307 2825 1789
4558 509 855
217 1792 370
4037 3735 1366
4101 4275 1605
809 4678 1389
1813 2870 597
2031 4715 1237
1812 3916 287
130 3078 733
1618 3341 1279
1746 2858 531
1850 4708 1753
241 3464 1537
2147 974 619
4710 3798 1498
3927 273 579
3691 3703 671
4462 4898 1558
3966 2604 1293
2087 1929 819
4981 2382 1006
1942 4476 406
2768 2154 262
4090 3730 1213
1202 1959 510
1242 4139 35
778 3184 1640
2328 4398 1544
1156 1519 1171
606 4508 1632
3539 1688 600
1130 4147 412
1064 1149 309
1418 991 826
1613 4117 601
3520 4964 868
2035 1646 1907
2651 2425 824
3432 927 545
4452 1892 148
2783 2984 1021
101 3811 936
216 1944 54
4435 629 671
3187 2316 754
534 263 48
3254 3854 970
2570 4062 1261
1600 2693 1332
4077 4976 836
1178 2315 681
4607 3284 1810
2671 2067 1834
4660 2755 1367
4146 4694 1947
1327 314 368
377 4606 127
2781 1451 272
3559 4761 1691
2605 4704 1544
2324 4589 1351
2919 852 1439
2761 1384 964
3477 4770 822
4509 2976 926
1909 4798 873
2022 4109 1577
648 334 1486
597 896 264
2971 2565 473
840 1558 196
1435 3637 614
728 4741 1929
3212 3147 352
1731 3990 716
3952 4293 1299
1037 4594 1957
3151 4103 1241
4338 59 310
2927 3613 287
796 3001 575
647 3898 1534
3684 2707 1758
811 1389 1849
4432 1612 1278
3707 3619 264
4485 3962 414
394 252 1003
2983 2435 1505
4791 1646 1891
2674 1762 586
622 491 1248
3981 1598 900
1720 2288 1921
2966 3084 1773
3811 3838 55
4358 3496 1071
961 757 1541
4984 3620 1282
3089 601 1198
4873 4773 844
2553 4507 948
3013 1424 630
601 357 476
3345 4840 1476
809 4577 355
3431 1811 1127
3041 2317 796
191 2606 1894
175 1514 1739
963 1361 874
1901 334 1092
480 1959 249
574 3526 1647
2752 4168 1065
2576 2488 601
4440 1676 251
3845 3978 1877
244 1210 1288
3999 4537 214
77 4032 925
661 1502 1014
575 3307 777
1006 163 125
1223 2984 1998
4056 3377 1563
2589 1718 256
2344 2327 124
3765 787 840
33 2888 1184
1259 265 631
3745 1062 1007
1777 779 1746
2359 137 193
2281 3676 573
995 2239 892
2944 827 105
4027 2446 1666
1579 657 956
583 3483 1777
2744 4810 58
4994 4100 148
2112 2638 165
767 4209 1716
2682 1287 1004
1204 3271 315
1443 1336 1923
291 3727 1949
1679 2474 1713
4058 2022 930
2137 1611 608
1162 1875 270
2215 1688 323
3897 1840 711
1823 1901 1662
282 3628 1488
667 1164 1069
3496 2950 1447
686 1414 244
4988 673 448
3776 1489 1034
401 3090 569
376 4088 1724
3590 3711 1479
3807 3276 1091
795 152 1237
3836 2110 1530
1389 2505 1476
3247 3179 1453
2277 3620 1069
2161 1904 1389
3636 3558 615
3748 2541 620
2144 4350 750
3529 4770 577
3985 3522 1233
4457 175 1226
123 943 123
478 2263 1893
1372 263 957
765 3338 1810
898 174 51
1978 3439 1002
4029 3029 1674
330 4619 1939
1808 1338 67
25 707 1568
4754 3459 1579
145 4910 546
2508 1375 18
3862 90 364
4477 210 402
4497 4898 1713
975 1152 350
4709 3017 1340
1834 2951 1280
2945 1542 1013
1671 4284 433
1890 575 174
726 2312 217
4725 4177 576
4719 1811 815
1330 1914 1525
192 929 442
2320 4342 944
1816 4842 719
3869 2709 119
2630 4291 189
4249 2909 592
401 1050 1719
3327 4619 1887
1649 2529 1927
3312 1043 897
4869 4310 1867
245 1066 557
1289 1049 336
2768 4643 1737
4014 509 1520
2365 1707 192
1765 3564 72
2764 3147 260
1201 1768 23
2725 484 1492
3044 796 915
3223 2672 436
791 2600 1243
1585 152 246
2162 3702 1272
4391 4253 116
3031 4852 1376
3129 3046 216
2950 4604 896
3483 1087 1204
1426 2440 580
724 4608 760
3902 670 376
1008 4657 1687
2988 1611 228
1733 461 1478
1785 4730 1228
1104 59 1882
2746 4746 39
3720 651 895
4768 281 571
3068 786 831
3321 4505 1515
842 1765 1242
3685 4678 1293
3497 3809 708
999 3934 1659
1982 3662 1467
1837 2836 114
3010 3773 420
519 4693 865
3877 402 1377
391 2595 866
2219 2089 542
26 4008 449
4176 4339 670
258 3106 305
3595 3668 19
4111 2948 1629
1628 1307 582
4063 4020 605
1709 2498 1489
4387 3357 1896
4787 4682 159
4988 2936 1833
3595 3836 1650
425 233 288
2639 1868 89
1002 3175 1041
3176 289 655
675 1081 1655
2239 2019 906
119 967 507
3689 2719 197
2652 2517 1365
3003 2230 1950
1455 4552 875
1639 613 482
2775 2541 1072
635 3559 827
3283 2911 328
4968 1706 1748
2567 2604 169
3105 1084 960
2533 2833 151
2661 3549 952
643 3280 1968
3492 4396 664
3493 411 956
2155 375 1542
4319 3903 852
4905 1649 748
1897 144 99
2628 1968 32
3952 2913 1982
2400 197 860
4155 4096 1526
3477 2165 154
4119 4222 25
1668 3732 1536
2596 3712 1122
703 4571 1793
4388 3025 1170
4754 2996 434
3168 4449 1466
547 737 949
2320 3788 41
3868 2702 1829
1595 4064 518
3762 4526 876
77 1003 937
1258 248 1033
4715 2915 1462
2476 4954 1993
1875 1379 1020
2915 2260 1816
3244 854 236
1366 4298 1223
2954 2906 1171
945 126 272
4511 2099 278
4777 1541 982
4351 4654 1759
4491 1608 1001
358 3779 176
3183 3664 673
1829 478 127
939 1937 655
437 4860 1946
2669 323 1879
2023 1366 1656
1923 187 310
266 1363 985
4759 3681 1029
3280 1266 1788
815 2926 843
1175 3346 925
4948 2189 1396
3783 1157 706
957 4797 1969
1625 4304 1720
2530 1294 1107
2335 2739 1781
1200 3734 1783
3288 4014 1936
1085 425 1022
636 2481 485
2202 3912 1160
4682 2524 969
4757 2194 478
4091 4708 498
1203 1888 475
4356 1770 1907
3187 4746 1862
1959 885 85
2926 1181 1064
1416 703 1163
4844 194 1972
3334 1142 132
4557 2844 1859
1744 4798 1437
4467 3499 1257
1819 4257 215
2412 1855 1986
4178 490 50
4879 2917 928
973 4438 1074
91 231 1403
1734 639 776
4032 2063 1649
3327 4296 1550
991 536 1876
994 2475 217
3440 1736 675
2856 1839 1673
2400 1050 1861
715 1984 1442
1733 4779 77
2526 1751 1123
4680 804 1892
533 2311 350
4360 345 1279
1758 2252 416
3098 958 572
1830 909 159
2829 1546 780
1275 3977 1759
2452 528 692
2935 2961 363
1551 1705 1485
2698 2815 1291
2694 1042 498
23 42 1545
3818 221 1897
1074 515 183
3936 3080 1848
1825 2311 625
679 4509 1213
3891 4201 1357
3395 3725 1787
109 368 1060
1729 2256 289
2734 4702 1728
1441 4721 849
103 3791 236
1678 2678 276
1006 3484 530
2450 1916 560
1396 2429 1317
3985 4300 982
914 787 1505
4617 2129 1410
2971 1127 1726
1573 2129 94
2918 2274 389
292 1088 1555
1845 4836 82
2939 3049 1641
2095 3755 440
957 4466 298
2967 1009 1487
2886 1058 320
2464 1010 492
2782 374 1299
3082 769 267
314 2915 275
2866 3910 1805
173 3634 1288
3560 608 631
4456 4251 1199
4174 293 315
995 1422 367
2062 4856 704
3497 2207 837
3078 3291 1677
3205 727 166
4210 3509 1461
2385 2331 1881
2537 2785 364
821 4267 1511
2498 2482 1790
4477 2560 939
288 2251 51
2035 1650 536
4547 2510 1089
1218 4374 917
3646 1341 1803
2221 1420 498
4525 3432 1661
4471 3864 1355
1380 2027 1787
833 682 231
2258 1070 327
318 4459 49
3404 4515 1417
840 1440 1996
1068 906 1059
862 131 790
4671 362 1119
4340 291 1195
3063 2113 935
3844 3245 1466
2518 1476 692
35 1892 624
4597 1168 386
4212 874 614
2729 4367 330
3995 936 702
3993 3567 618
3321 449 1675
4345 1832 1635
4560 2116 1299
4491 3963 1805
1654 13 1678
2805 3083 707
3515 4569 1327
3585 4262 29
3022 1100 40
3090 3164 639
1749 351 1005
1722 921 885
2995 3549 1486
4111 2458 1728
4180 4238 534
989 4102 840
2666 165 1393
4217 901 338
1108 747 1119
3451 4987 1553
4550 46 1465
4070 4953 1780
1521 2963 994
1392 2692 1759
1557 1116 1734
193 2080 1443
3973 4321 154
4466 3752 1398
358 1174 941
445 3006 139
4123 500 1892
420 346 926
1220 2904 1691
4386 4956 1990
3921 4487 1576
4158 4377 1986
572 3750 650
3136 4553 518
3775 4372 373
2898 883 323
2650 1541 1625
3358 1463 1068
1896 408 728
2340 3767 1105
1051 2011 721
3356 1349 1718
5000 3245 1943
4610 4370 843
2754 1726 79
1956 110 547
2807 2747 53
3718 2995 1928
2679 1227 994
4409 3893 289
2229 2751 1245
3245 289 654
703 3463 1306
747 3057 1437
439 3639 364
2533 1390 762
4951 3264 1991
3412 3527 1988
1677 4306 918
4872 3864 1140
38 1761 921
743 4516 1290
2135 2911 1410
4375 768 1257
3896 3659 349
2563 4463 1367
4498 3959 775
2298 2135 1429
878 4809 48
4318 90 69
2572 3129 1683
1181 1898 320
3207 3350 1268
771 3822 1641
1971 2319 1624
4650 1100 1928
1829 2661 413
2983 3302 1322
1359 652 413
467 3051 1214
2339 134 765
2095 4582 551
1155 4403 48
1777 424 1497
988 156 1137
3398 1867 953
3295 4772 1207
3078 380 1286
1029 4506 688
20 1010 796
3019 1202 833
1798 1374 916
4909 1930 485
3808 136 726
3380 2881 1973
1171 2600 1643
1960 1987 571
2659 531 1900
2386 784 329
4529 2386 1595
2921 1860 1354
2229 3175 425
1949 4904 1906
1231 276 106
3649 2760 970
4258 378 995
4727 4701 1047
587 1045 1070
2936 3424 1167
305 1604 1839
4442 1014 1064
1783 3227 1890
1941 4275 1248
570 822 406
99 1048 478
4893 1297 159
973 4969 768
4762 458 1448
3980 1353 1793
4606 3989 549
2072 3575 334
3827 2854 815
2990 1213 1085
2808 3036 126
4189 4158 1167
422 501 621
1447 1771 776
1191 1493 1109
2593 1030 100
4600 1541 524
1655 217 1443
4903 2060 1942
936 4060 1739
3490 4996 328
1723 3887 401
3658 4541 699
3693 3253 1835
4099 776 94
3734 3095 1348
1497 3273 1004
1649 3174 1857
2761 4622 1969
4658 4309 1421
2260 3077 848
3373 3704 1227
3237 4091 643
4650 362 1467
4313 3888 156
1210 4272 516
2168 1245 873
1375 2680 1624
2442 1376 1861
2110 2778 1886
3181 2671 887
2167 3453 747
2748 1083 1245
2834 4713 1023
2585 4605 1890
3858 3874 366
2669 3047 1462
2657 3150 657
1045 1878 1565
4666 1368 8
2253 3811 700
4575 2081 1686
505 3887 1182
2320 2793 905
2998 1566 562
3931 4855 1386
4518 258 1715
2926 1444 1688
4382 1009 1025
3756 2513 658
4465 3901 1424
898 3986 567
1172 4401 784
4962 194 583
4558 4420 187
4301 2525 97
4080 417 1062
4838 2445 949
166 1944 245
4772 3502 896
296 3365 520
4187 3327 1483
2500 1451 236
3274 1663 964
1716 4669 827
1071 2972 1033
1651 579 1553
2702 2915 675
2476 252 1684
419 4083 437
2500 4669 261
573 443 1250
1495 319 1405
3188 3129 971
2746 3607 966
415 3651 1938
2195 1675 407
3053 3437 303
339 93 487
4961 4739 1240
2974 2917 808
4681 4894 637
4960 3217 1951
3482 3053 1677
350 4590 930
1850 4802 1297
4090 61 1444
892 3231 1801
2379 3976 957
4917 1272 1938
2901 2428 133
3359 839 261
3022 3715 1400
4567 867 1067
4340 3495 1184
1071 1547 1050
4045 3851 1066
1982 4435 357
1390 1473 104
4368 2812 648
3588 4409 182
1905 4085 1885
1906 5000 1763
3303 1978 368
3148 474 1595
4407 4832 576
1419 2677 408
924 3687 627
4449 1635 1937
1199 2851 1589
794 1581 1350
1361 3834 1276
277 124 29
1319 4697 1347
3891 2106 510
4297 2679 379
4526 1771 666
994 4242 87
1719 963 1437
180 1514 274
3672 47 1132
2471 3483 1887
1191 1305 1260
3478 4483 1005
4814 303 1595
1590 2823 954
1949 1605 122
1916 208 591
554 3673 85
906 1549 1635
4191 826 1892
2480 800 1599
3592 2528 257
3780 1468 1576
1130 1865 1868
4510 2095 1858
766 4346 1003
1709 3578 1299
2431 1087 973
424 291 756
3476 2362 247
2201 2180 972
2195 4563 939
4926 754 1323
4043 614 1138
45 4061 1172
3206 4579 110
1829 2528 1562
2913 3920 21
3860 3978 469
3525 4696 1307
2772 2476 1838
3172 3366 1161
3196 988 877
2108 3079 912
3071 4390 1457
1312 1337 399
296 1669 1451
1749 3486 90
4933 728 41
4299 1884 608
75 3682 1286
3248 1529 81
1897 2296 681
2626 4162 1979
1788 3896 1257
1478 3170 1751
782 430 243
3813 2517 1600
3609 565 801
4721 137 1202
2637 3649 1502
326 4350 1720
729 3110 1311
3076 683 183
156 311 150
2676 1016 517
2997 3823 15
2826 670 1551
3086 542 78
1257 552 673
4643 352 1025
1585 3954 661
2172 2679 204
2492 2497 1756
2586 2161 1279
396 528 1251
4394 590 1145
4422 979 245
3643 3692 585
1354 4804 396
470 4773 1424
1850 3926 1474
4437 1322 1432
1074 1854 1319
138 3536 1192
3713 4787 865
4938 2409 1258
1409 2187 6
1808 2291 1482
4471 1805 1106
1693 3349 940
4107 739 1486
43 704 1632
725 2015 1961
3313 1979 246
4659 3466 1283
924 3436 1311
1689 2980 730
1418 1321 565
814 1616 1156
3687 2887 1634
569 636 519
1269 1645 459
1357 2343 866
1383 3109 968
954 2348 1337
3427 4264 1405
4063 3474 1208
591 1967 424
388 2399 498
3177 3175 771
2892 3389 662
209 4512 1596
1465 2456 1979
2366 4646 172
1093 3718 101
1915 1439 1914
3685 4119 586
1650 816 1484
4191 2648 1407
1482 3406 1291
2553 4646 973
4174 392 1499
639 1669 204
4452 2355 893
4143 3695 10
3913 1305 653
3778 4795 871
1756 2033 1291
1126 4035 1558
3173 922 1051
792 1059 161
906 22 1801
3663 4210 807
4011 4466 283
2310 3787 926
606 796 392
293 3191 636
3344 4881 1009
4939 2105 979
1792 1195 202
1728 4798 741
4752 3070 57
925 3437 493
160 521 1344
863 718 1596
2778 3514 1447
4875 4716 1299
29 1994 750
4441 1234 604
4225 1213 494
1593 2444 1215
4903 1803 842
4955 2922 1076
3833 4271 1397
61 425 1344
4354 3580 1918
784 1152 941
2971 3217 72
2537 3200 498
1237 3135 280
4706 4957 402
3892 4014 1309
907 4299 514
2840 3313 1371
4448 1826 73
4059 3141 664
2960 4534 1044
931 802 509
3550 3116 1110
4803 2464 831
3032 3635 1976
3196 456 1648
548 1171 1333
1616 3165 866
2006 1345 17
592 3181 594
1147 3551 195
1049 1093 291
4558 1756 1658
3847 2677 1873
4741 4254 1466
2705 4479 611
401 964 1049
4671 4499 1474
3604 3961 1266
1380 990 1930
2594 531 131
2861 1119 175
4812 173 1051
155 421 1210
556 242 513
2573 3776 1330
945 4371 1227
2335 1078 1559
134 4115 1656
1179 551 1144
1082 2256 1217
3664 1970 716
4516 416 129
2059 2805 130
1499 1505 52
251 1005 1344
1198 532 942
3296 2694 1691
4972 1958 1347
3211 1116 1220
2617 1079 271
3246 2176 243
4173 2135 1880
206 1679 85
4970 4127 179
3365 987 1948
1984 3259 1976
2188 3680 207
2616 1006 620
526 995 610
2448 4837 706
4303 1282 1702
3595 1951 266
2141 2276 1097
4269 3244 787
4387 308 1879
4171 2832 1326
2660 4369 1053
3177 3069 1911
2060 2580 680
4345 1539 1702
4057 602 740
1097 907 451
2945 639 1404
1306 521 1058
4270 4943 523
903 246 135
4322 1570 1578
3614 1436 1941
2478 612 1841
1552 2180 460
1385 4634 1676
4633 1778 1826
2796 1038 1453
4751 761 1764
1711 1833 1433
2018 3844 1011
2230 2433 1028
1601 3670 699
3867 1288 970
2543 4586 116
2599 1465 1111
4599 3868 1624
1426 1431 1568
2642 2234 356
3138 2403 1889
1179 68 1892
1801 4082 958
612 3688 1756
1782 1354 1352
4222 3432 1226
3794 1755 198
2207 4912 1923
734 446 1268
3774 1956 1326
2894 3495 5
2259 1863 340
2585 3742 1276
75 4773 1858
2472 1149 631
4762 3999 1935
1958 1462 26
1508 4996 970
1494 1754 60
2242 3628 1245
3026 2582 1603
4905 2841 1275
2611 3043 494
4330 2371 956
2991 2381 1044
1810 4315 432
4110 2677 1656
502 1790 277
2422 2911 247
1577 1096 136
794 4037 954
4085 39 464
4520 806 1202
3174 4353 1435
2799 2585 1950
496 4285 922
2255 4428 743
4696 3770 233
4080 1026 281
1197 966 612
3749 4737 556
867 4533 1684
1930 4921 758
3383 1640 983
492 3714 1064
4747 1022 1491
2777 286 960
1019 2741 211
2944 775 222
628 3600 363
4570 4056 560
184 2933 132
4662 4848 133
1637 992 1355
3750 864 1346
2635 3455 1180
394 2298 1382
3242 2701 115
4870 3427 1979
2758 602 63
1794 47 1231
2410 1899 899
288 1448 1953
1536 1170 1861
2769 1434 1047
1236 3753 72
291 3751 1437
140 4338 868
3987 440 788
1039 3994 1463
2714 49 1698
4493 417 808
562 1996 770
1389 2709 832
1397 2389 863
2044 214 787
794 2301 1731
812 575 1350
541 2488 1
1741 3972 674
1196 1727 331
1782 156 261
1981 3045 1925
1257 170 1875
392 1051 1477
883 1858 852
4786 3246 789
2069 4643 324
4874 3149 1974
4209 2042 217
403 716 289
3171 1648 1728
215 3185 1251
4405 2193 403
216 4942 1668
2239 1905 1244
823 4170 133
2451 1244 904
3739 4262 1377
3154 3521 1362
1458 2788 1026
4047 3366 1668
3471 129 104
4664 3829 1286
904 2429 1804
4252 807 811
3758 71 1376
2101 2405 1757
1992 3637 1451
327 1054 110
3818 4088 621
2606 1584 607
3542 4370 1526
1045 3992 1834
663 1042 1693
4937 4545 235
2738 4413 1662
3082 2606 1445
455 4727 301
4942 4765 721
1293 2052 1292
332 1902 1074
4756 3202 701
3652 401 611
4677 777 1595
1200 171 171
4937 4197 1864
2570 496 1358
4156 760 32
3709 1842 1995
1079 2415 26
916 655 1785
3570 711 363
1980 3931 1744
2978 3568 67
4187 2139 397
3525 469 827
4120 1903 1795
2943 2861 125
1442 1723 1601
3796 696 709
3898 1029 211
1787 4490 797
1784 4767 719
4657 2348 678
3198 2991 1921
890 2255 779
4382 4371 1656
4249 641 1542
3871 1070 1469
4299 3234 263
1962 1412 1147
302 3802 1960
769 7 445
363 2563 1808
1033 2084 1338
3378 2939 1499
4536 1249 190
4428 3359 429
3996 4091 695
4676 116 1571
3814 4913 865
1461 844 1966
4772 1037 1683
4623 3423 1806
1522 47 1953
439 3993 132
4440 1801 1378
3177 936 1386
368 223 392
4623 4592 1346
954 2278 1817
1963 3138 1940
1842 3428 1196
1662 3970 446
1861 2710 1270
4082 4421 1375
293 1570 1613
2758 3551 509
4182 2766 408
4846 1501 346
538 697 1956
1186 2755 1579
1108 2366 625
2541 674 1373
4099 635 1735
79 4485 1704
4527 983 1818
1311 4791 342
405 4476 1296
1781 940 1991
2806 3514 336
682 590 380
4750 2592 1190
1263 3652 1161
2220 2769 1681
505 3965 1166
2728 867 1380
390 572 1830
3901 1324 382
3341 756 1415
1526 3811 1265
1138 199 1481
677 3931 457
4250 199 371
814 3697 690
1628 3184 531
4025 4743 1531
3573 2095 506
6 4717 783
2763 2007 1839
1593 3972 1991
2149 4290 1243
2491 1433 1162
4561 1851 1380
4504 4158 1970
2873 2048 656
665 598 789
2242 4927 538
2748 4590 1907
4394 2957 1001
1223 1902 25
1324 2494 427
3888 3771 480
3968 1665 1186
4366 863 666
1497 793 1704
4440 1314 565
3022 2263 1297
3508 3507 303
1617 1072 1896
1740 1750 368
993 3641 1979
3757 4134 1583
1839 1888 1319
2298 2182 602
2191 3469 1610
1802 2690 245
2903 602 346
4806 939 1655
4544 1712 62
1677 703 953
3631 2301 1053
2215 2920 350
2928 330 1600
1400 4641 42
480 716 413
1089 2554 1263
803 1267 1366
2975 4053 1474
4235 4077 393
2827 4827 1353
1782 1341 951
3380 4787 310
341 101 678
4180 4028 443
633 1184 1503
4830 3021 1305
3313 3159 139
3156 409 1137
4698 4010 1020
2867 144 220
2527 3671 1814
2792 3627 1785
3458 4643 508
4633 3057 1602
746 1063 1591
2073 364 1198
3439 1094 309
4863 4671 1715
4537 1422 1039
4012 4388 596
3993 1676 137
864 2793 1770
1834 1594 1982
3584 2108 449
4495 135 768
1390 2567 1472
56 2010 1614
4295 3189 1403
4957 2826 342
2006 4398 1733
4874 4584 1846
2430 442 1927
1251 4285 1328
719 1483 910
4599 847 42
4178 402 698
777 2481 421
4665 2556 498
271 2214 221
2692 1646 1325
289 3347 433
457 4802 823
211 3728 782
186 2486 1791
3526 4775 1218
2723 4974 356
4870 1196 1452
425 1955 449
3667 986 517
688 4980 1353
1702 290 129
2407 318 1358
4542 2557 691
1423 1107 915
492 4461 694
3810 1639 1296
1860 2558 1562
2030 3068 505
3367 198 123
1406 2822 43
2194 1289 884
4192 2704 594
2396 636 420
3976 3809 1260
623 131 1075
2604 3508 396
4633 4472 1101
1443 1112 1337
2110 4278 1609
3199 4198 64
4933 1739 1234
1112 2718 768
4411 908 221
3310 188 405
4087 921 554
270 2089 740
1815 2751 1593
4223 1764 404
699 4678 1565
2086 4855 1118
1781 3967 846
2221 2667 1877
2718 3408 9
3052 4813 145
1831 362 981
2692 2517 881
3657 4380 1486
1439 303 1475
1585 1101 1225
4398 2570 454
767 1382 240
4300 2793 900
1841 1846 397
1938 3279 293
193 3911 1094
3794 44 532
4537 1275 1888
2850 4036 84
1427 2694 412
3462 312 1940
4984 3379 1990
4920 4205 1680
4849 2900 1959
564 4111 1616
2679 2086 1798
3612 3876 1782
3832 2437 1018
2713 2255 1871
168 3884 221
2448 1888 778
4098 946 1107
2048 1976 597
2874 4161 523
3663 1962 1956
3475 328 1140
4835 1571 503
3429 1071 1870
2191 1761 779
4507 3620 1599
1859 90 1551
386 107 1270
682 2316 1776
1474 3309 708
1137 3251 479
1074 2849 1648
238 4947 203
4076 3675 111
3080 3321 699
4887 4437 955
197 2425 1927
3418 2841 1837
2503 250 1178
1159 3807 122
278 823 1478
1129 3066 1513
3858 36 1053
859 3445 1885
4113 4241 1326
2067 3845 866
4692 3306 1306
2243 626 401
4442 4394 1375
3423 4598 1038
1968 1298 480
4327 3310 836
689 1039 492
464 3524 1105
3415 1892 88
4371 4787 797
4026 3572 1669
1556 2650 1666
3630 4130 524
3877 1360 1063
3420 2172 1787
1660 2357 1723
3314 1641 413
1228 5 353
1211 1246 425
4415 318 923
1613 787 509
2750 460 1005
2537 1197 965
4421 2509 1736
4942 2998 1391
1895 2793 357
2897 2396 688
1953 2715 1612
2650 795 1684
1674 1874 162
4527 3371 238
3454 1511 526
3885 2192 277
2593 171 1292
3837 3410 1885
1959 3684 1458
2232 3021 719
578 4416 1556
2041 4702 175
673 290 827
1098 3778 255
603 4804 949
337 3327 637
3470 4066 715
148 4666 564
4649 1612 1436
4753 4505 358
163 901 1143
3479 1549 1000
1868 2645 1715
572 2060 546
4757 1376 754
1669 1647 1843
4348 1661 102
6 4518 1842
902 78 1863
3439 1846 1341
704 4583 1013
689 3752 814
2553 4525 982
398 3001 1889
2422 1401 1674
2096 2749 690
821 914 1450
3569 4460 1360
4868 381 787
4560 76 380
4482 628 86
3111 2847 938
4800 4205 574
3222 2779 1460
449 4068 435
1602 419 1705
1597 3804 1568
3430 3972 767
1863 2017 1381
3851 2834 1076
599 106 1403
2462 4629 1328
548 1133 1353
2511 638 945
1992 2281 947
4375 3902 1925
1640 2959 784
649 4829 231
1061 1268 492
3457 2416 1906
1735 3796 1169
4291 3604 1860
284 2685 11
478 284 363
1797 564 1042
482 2429 441
4297 2175 173
1326 2071 77
860 422 66
1225 3976 908
1816 4059 1061
4887 1779 1927
4565 4351 1900
2471 1256 739
3383 3919 242
607 934 1446
2724 2250 241
4075 3327 1140
3363 1143 1332
3945 1930 1772
543 1978 647
4959 3459 221
2111 424 1068
3723 4399 1809
4859 4000 469
2416 747 1157
921 2048 541
1313 432 439
4527 3925 1751
3169 3003 30
4700 875 1826
2790 1273 601
2558 149 1562
4749 1953 1864
2237 717 91
328 1228 417
117 3308 1049
2318 3743 733
2689 701 158
3627 62 570
4864 3416 1423
1187 1257 1964
51 3499 19
1385 3628 710
4396 4960 425
1391 1996 226
666 3360 1909
4426 3581 820
1746 408 1814
1025 3280 1292
3073 279 64
1396 4178 702
4724 2523 89
1908 4677 1202
3203 691 800
2306 73 1955
4233 2388 1030
1424 1558 1615
4634 657 504
3716 1513 736
2734 1359 1996
4368 879 655
85 3948 1089
2710 2109 225
1192 3527 1127
2385 732 1609
3453 1812 414
3109 4599 1259
4765 428 984
2104 2524 561
3106 2213 876
644 498 1384
4038 3370 690
3976 1895 1027
500 4164 807
3058 705 704
2580 1603 179
3069 2609 449
2391 251 1916
2434 830 1663
3781 1910 60
2752 788 317
2285 540 1344
4597 4922 438
4852 945 1348
386 432 570
4269 1879 94
1085 906 1963
3704 2857 938
919 580 1945
4635 4242 1624
3209 2759 1135
4046 1923 1220
2855 4141 1741
4457 2697 152
2431 4174 1875
1618 2598 280
1693 4405 1870
2022 4857 878
3047 1373 1936
3689 1290 527
2699 1619 1087
4630 3602 164
4389 1698 441
666 3621 983
2937 3780 1366
2417 4346 722
4737 3347 1193
1963 268 1698
4322 4927 1989
1017 636 326
1602 2931 1490
2971 2944 556
2822 645 1448
1333 3134 1695
989 2546 489
1981 4725 449
3751 1805 789
2195 3863 754
