100
615097
292595
508693
332409
840445
662507
872864
56999
80760
75037
851453
917970
488753
780986
395017
314111
773424
462799
479199
862841
161777
809794
572493
797025
172610
639915
915088
154045
44762
362416
795794
920902
475233
892365
909377
655363
969054
931146
372933
164169
233582
360169
52083
227945
447167
394926
645005
910616
204647
900899
155225
695164
745380
643635
939976
410916
928098
137227
99940
213426
119578
660181
396972
620255
510642
790582
570216
584979
136152
86492
132987
723041
245640
640689
263845
467947
61382
769088
501283
294577
121719
898373
49907
943811
452544
903014
57881
317052
65008
190620
306602
55388
830568
891944
238690
964397
435489
920624
638102
773031
