1623
1729
1929
665
1253
35
78
1907
1907
1907
1907
527
1907
1907
1907
1904
1905
1290
1905
837
1905
1210
1905
1905
1006
1905
1905
616
1905
1899
886
1899
1888
811
1145
1888
1883
843
1883
1883
1706
1133
1879
1879
1879
380
1812
1083
853
518
490
1839
17
1825
534
908
1827
1827
1824
1819
297
1814
1814
1806
1806
257
1585
1796
1793
1793
1067
1796
1799
1799
831
881
1198
1438
1789
1789
1784
717
1107
1775
1768
989
1768
1768
1087
109
1765
1765
948
1765
706
1616
1166
882
1765
1752
1752
1752
1752
95
1216
1752
1752
1752
1715
1106
435
759
52
251
1387
662
1341
1713
1710
1710
291
621
397
238
1705
788
1707
1707
1710
16
1617
1710
1239
453
1706
1386
293
1704
524
1704
605
1704
1119
1362
1698
1699
378
1699
1703
1467
1689
1683
1668
555
377
1678
264
1678
1645
1645
1645
1645
552
64
1506
1623
1623
831
198
1170
1603
261
302
1595
1595
591
297
1578
1572
372
1572
1568
594
53
1558
1558
1558
1100
1545
1240
1545
1085
1160
1306
148
1297
1058
1239
1549
1549
1549
1536
1536
219
60
1267
630
1519
1007
296
1512
29
1512
1514
1505
1499
1499
1485
1485
1485
919
1487
783
1487
424
813
1480
1480
1325
1480
1476
1476
1476
1476
1341
1476
1476
777
1189
435
1464
1112
1065
1451
1451
1138
520
532
896
1457
1458
921
1452
1452
1451
1445
395
1438
1438
798
531
1439
1439
1439
168
1439
1439
1439
1368
1439
717
1438
5
1121
404
791
171
16
1050
557
1428
1417
1417
305
1413
1391
1413
1413
1413
1358
1413
1413
977
1410
273
402
447
1343
344
1409
351
797
1409
1409
345
844
1406
1406
1406
1404
1206
333
1340
1401
1391
1391
1391
1393
1391
787
715
215
1392
1392
1394
1387
1387
1391
2
20
1389
1389
1381
1223
319
1360
1378
869
1368
1265
47
1371
617
937
1369
109
93
587
1371
1371
1370
1367
1323
1365
1356
1358
1359
435
1359
202
1359
1351
832
1351
948
1351
1336
192
1336
1336
1338
317
1165
1331
276
1335
1331
1331
1328
1328
1323
1323
1323
1194
1313
1116
1318
865
1309
499
1137
1300
1296
1296
1297
328
322
1299
623
1303
1303
1305
873
1305
1305
1302
1258
1302
1308
1148
232
891
1230
1238
1308
1301
1302
1305
1300
1300
319
1305
1305
1298
1298
1274
336
1297
1297
1297
1297
1301
730
323
1301
1305
1305
1305
1098
1305
1170
1306
1306
1306
1309
1312
49
237
1314
372
1305
780
1309
11
1310
418
1310
542
1301
1297
1295
1298
98
1179
166
1299
1299
1302
1305
667
51
1302
1303
1299
1298
1298
1299
710
1309
1309
939
252
1304
217
1304
1307
1288
1101
1308
1308
1308
1304
356
459
1286
1288
1286
1287
1287
1287
1287
1293
1291
701
1292
1294
1295
983
1136
953
1290
1290
1290
1290
1291
246
1292
1292
1287
1287
1287
1287
1291
650
1291
1291
1291
1263
1287
1287
669
1285
1068
1280
41
917
235
1275
436
816
1264
1252
690
1252
1252
312
937
1253
1254
249
1253
925
1258
1247
767
238
638
1241
1242
1242
1243
725
1241
1241
1241
1243
1216
1246
1247
1039
1247
1251
1251
995
1251
1226
276
124
1252
1060
726
1252
1252
1252
1252
1252
223
1252
791
1252
1252
1252
1252
1253
1249
1249
1127
1249
1036
867
67
1140
674
1246
1242
1239
447
1239
801
1231
616
601
652
1222
724
891
463
1090
1218
1218
585
1219
1220
1220
385
977
1216
329
1223
1224
237
1227
525
