247 215
128 468 109
27 760 92
57 474 187
18 404 119
60 703 61
34 640 7
9 313 173
194 607 27
45 491 34
6 20 99
169 259 128
184 733 87
208 654 166
179 468 244
165 949 66
183 536 193
107 325 193
136 149 236
129 106 224
167 448 46
230 733 110
88 351 212
204 959 70
47 735 27
126 309 237
52 431 116
136 190 77
133 35 150
120 841 233
234 597 16
167 179 142
174 320 152
86 641 243
38 302 140
23 130 7
36 860 216
232 248 218
179 851 135
84 847 244
50 33 19
85 229 231
79 536 214
104 788 144
15 542 209
8 461 83
177 334 184
184 487 166
79 374 12
17 55 157
86 58 124
175 345 70
6 264 86
91 175 44
81 427 197
247 0 123
13 253 22
216 916 234
196 352 246
107 254 19
163 685 236
214 554 184
232 592 11
159 920 170
132 859 71
55 728 93
55 656 220
130 952 244
193 596 142
106 979 147
206 873 114
242 715 69
199 531 208
152 577 195
153 143 54
124 459 9
219 968 57
211 727 134
180 67 133
233 327 27
191 773 32
78 820 8
111 114 91
113 598 72
170 880 87
138 115 159
40 180 56
167 911 208
7 516 71
20 445 138
111 830 247
95 900 222
9 119 68
182 541 5
83 24 125
217 979 12
44 797 89
78 634 104
18 999 239
200 804 118
171 52 242
146 601 198
87 668 88
143 765 86
16 510 212
191 336 204
98 475 195
205 777 226
2 418 223
141 227 118
114 981 113
224 524 133
177 460 150
193 691 88
42 855 154
35 369 9
8 952 99
90 314 161
31 873 65
13 877 200
58 875 106
10 609 187
147 648 241
204 961 182
152 642 96
100 554 65
86 676 223
58 636 37
209 240 102
191 742 46
81 418 159
213 638 93
85 700 57
216 744 7
219 611 244
13 414 76
243 881 34
16 120 119
80 587 212
111 573 129
146 269 83
140 26 216
106 27 89
210 561 92
141 667 178
213 900 196
137 632 22
61 339 136
217 561 41
144 627 212
66 154 94
64 353 236
157 34 228
157 206 52
78 286 247
238 740 141
5 332 70
244 74 132
68 852 158
230 171 41
8 419 187
162 981 214
202 913 246
181 591 38
69 901 75
92 770 227
234 814 220
103 661 35
123 540 75
87 379 168
155 336 116
100 479 158
141 560 16
229 618 143
15 990 242
182 43 75
24 202 62
31 312 23
118 230 219
199 962 209
227 665 74
202 334 247
124 784 223
57 91 17
151 905 75
98 46 61
232 152 41
138 269 221
114 551 54
219 212 129
5 433 18
145 369 198
151 815 201
212 181 197
44 45 170
167 134 91
13 734 215
130 855 233
186 254 228
117 514 21
61 104 51
166 568 166
83 552 66
193 527 175
205 363 41
75 869 91
154 148 53
233 700 65
207 369 38
224 949 243
215 175 119
161 824 192
28 66 218
202 740 57
38 393 3
194 203 3
